0.0593002 -0.0311012 -0.923937 0.381278 0.998205 -0.00917806 0.0591835 -0.0511825 0.382434 0.922564 0.16281 -0.0217861 0.156864 1.39626 -1.0472 0.0523598 0.174443 0.174443 0.297495 -0.349065 0.349021 0.349021 0.175793 -4.53942e-15 0.349021 0.349021 0.0349066 0.261799 0.122173 0.122173 
2.7795 -0.0511825 0.382434 0.922564 0.0311012 0.923937 -0.381278 -0.998205 0.00917806 -0.0591835 0.136864 -0.13281 0.0317861 1.39626 -0.993674 0.0523596 0.174322 0.174322 0.703167 -0.349064 0.348961 0.348961 0.919526 -1.28557e-14 0.348961 0.348961 0.0349066 0.261799 0.122173 0.122173 
0.98087 -0.0511825 0.382434 0.922564 0.0311012 0.923937 -0.381278 -0.998205 0.00917806 -0.0591835 0.136864 -0.16281 0.0317861 1.39626 -0.980294 0.0523596 0.174321 0.174321 0.703167 -0.349064 0.348961 0.348961 0.933048 -1.29754e-14 0.348961 0.348961 0.0349066 0.261799 0.122173 0.122173 
0.98087 -0.0511825 0.382434 0.922564 0.0311012 0.923937 -0.381278 -0.998205 0.00917806 -0.0591835 0.136864 -0.17281 0.0317861 1.39626 -0.993674 0.0523596 0.17432 0.17432 0.703167 -0.349064 0.348961 0.348961 0.919526 -1.2948e-14 0.348961 0.348961 0.0349066 0.261799 0.122173 0.122173 
1.30329 -0.0511825 0.382434 0.922564 -0.0311012 -0.923937 0.381278 0.998205 -0.00917806 0.0591835 0.136864 0.13281 -0.0317861 1.39626 -0.993674 0.0523596 0.174276 0.174276 0.703165 -0.349064 0.348939 0.348939 0.919524 -1.80215e-14 0.348939 0.348939 0.0349066 0.261799 0.122173 0.122173 
1.98742 -0.0511825 0.382434 0.922564 -0.0311012 -0.923937 0.381278 0.998205 -0.00917806 0.0591835 0.136864 0.16281 -0.0317861 1.39626 -0.980294 0.0523596 0.174275 0.174275 0.703165 -0.349064 0.348938 0.348938 0.933046 -1.83998e-14 0.348938 0.348938 0.0349066 0.261799 0.122173 0.122173 
1.98742 -0.0511825 0.382434 0.922564 -0.0311012 -0.923937 0.381278 0.998205 -0.00917806 0.0591835 0.136864 0.17281 -0.0317861 1.39626 -0.993674 0.0523596 0.174274 0.174274 0.703165 -0.349064 0.348938 0.348938 0.919524 -1.85572e-14 0.348938 0.348938 0.0349066 0.261799 0.122173 0.122173 
0.0549143 -0.0511825 0.382434 0.922564 0.998205 -0.00917806 0.0591835 0.0311012 0.923937 -0.381278 0.136864 -0.0317861 -0.13281 1.39626 -0.993674 0.0523595 0.174229 0.174229 0.703164 -0.349063 0.348916 0.348916 0.919522 -2.22299e-14 0.348916 0.348916 0.0349066 0.261799 0.122173 0.122173 
3.33333 -0.0511825 0.382434 0.922564 0.998205 -0.00917806 0.0591835 0.0311012 0.923937 -0.381278 0.136864 -0.0317861 -0.15281 1.39626 -0.993674 0.0523595 0.174229 0.174229 0.703164 -0.349063 0.348915 0.348915 0.919522 -2.22875e-14 0.348915 0.348915 0.0349066 0.261799 0.122173 0.122173 
5.23798 -0.0511825 0.382434 0.922564 0.998205 -0.00917806 0.0591835 0.0311012 0.923937 -0.381278 0.136864 -0.0317861 -0.17281 1.39626 -0.993674 0.0523595 0.174228 0.174228 0.703164 -0.349063 0.348915 0.348915 0.919522 -2.22542e-14 0.348915 0.348915 0.0349066 0.261799 0.122173 0.122173 
1.25389 -0.0511825 0.382434 0.922564 -0.998205 0.00917806 -0.0591835 -0.0311012 -0.923937 0.381278 0.136864 0.0317861 0.13281 1.39626 -0.993674 0.0523595 0.174183 0.174183 0.703163 -0.349063 0.348893 0.348893 0.919521 -2.44581e-14 0.348893 0.348893 0.0349066 0.261799 0.122173 0.122173 
0.589382 -0.0511825 0.382434 0.922564 -0.998205 0.00917806 -0.0591835 -0.0311012 -0.923937 0.381278 0.136864 0.0317861 0.15281 1.39626 -0.993674 0.0523595 0.174182 0.174182 0.703163 -0.349063 0.348892 0.348892 0.919521 -2.45999e-14 0.348892 0.348892 0.0349066 0.261799 0.122173 0.122173 
0.0809655 -0.0511825 0.382434 0.922564 -0.998205 0.00917806 -0.0591835 -0.0311012 -0.923937 0.381278 0.136864 0.0317861 0.17281 1.39626 -0.993674 0.0523595 0.174182 0.174182 0.703163 -0.349063 0.348892 0.348892 0.919521 -2.46524e-14 0.348892 0.348892 0.0349066 0.261799 0.122173 0.122173 
6.11559 -0.998205 0.00917806 -0.0591835 -0.0511825 0.382434 0.922564 0.0311012 0.923937 -0.381278 0.0217861 0.146864 -0.14281 1.39626 -0.846491 0.0523594 0.174129 0.174129 0.513849 -0.349063 0.348866 0.348866 0.513849 -2.856e-14 0.348866 0.348866 0.0349066 0.261799 0.122173 0.122173 
6.11559 -0.998205 0.00917806 -0.0591835 -0.0511825 0.382434 0.922564 0.0311012 0.923937 -0.381278 0.0317861 0.146864 -0.14281 1.39626 -0.846491 0.0523594 0.174127 0.174127 0.513849 -0.349063 0.348865 0.348865 0.513849 -2.86575e-14 0.348865 0.348865 0.0349066 0.261799 0.122173 0.122173 
7.99487 0.0311012 0.923937 -0.381278 -0.0511825 0.382434 0.922564 0.998205 -0.00917806 0.0591835 -0.14281 0.146864 -0.0117861 1.39626 -0.846493 0.0523593 0.174038 0.174038 0.513847 -0.349062 0.348821 0.348821 0.513847 -3.52358e-14 0.348821 0.348821 0.0349066 0.261799 0.122173 0.122173 
6.30821 0.0311012 0.923937 -0.381278 -0.0511825 0.382434 0.922564 0.998205 -0.00917806 0.0591835 -0.14281 0.146864 -0.0217861 1.39626 -0.846492 0.0523593 0.174037 0.174037 0.513847 -0.349062 0.34882 0.34882 0.513847 -3.54604e-14 0.34882 0.34882 0.0349066 0.261799 0.122173 0.122173 
7.9895 -0.0311012 -0.923937 0.381278 -0.0511825 0.382434 0.922564 -0.998205 0.00917806 -0.0591835 0.14281 0.146864 0.0217861 1.39626 -0.846492 0.0523592 0.17399 0.17399 0.513846 -0.349061 0.348797 0.348797 0.513846 -3.89032e-14 0.348797 0.348797 0.0349066 0.261799 0.122173 0.122173 
7.98948 -0.0311012 -0.923937 0.381278 -0.0511825 0.382434 0.922564 -0.998205 0.00917806 -0.0591835 0.14281 0.146864 0.0317861 1.39626 -0.846492 0.0523592 0.173988 0.173988 0.513846 -0.349061 0.348796 0.348796 0.513846 -3.95917e-14 0.348796 0.348796 0.0349066 0.261799 0.122173 0.122173 
0.0593002 -0.0311012 -0.923937 0.381278 -0.998205 0.00917806 -0.0591835 0.0511825 -0.382434 -0.922564 0.16281 0.0217861 -0.156864 1.39626 -1.0472 0.0523591 0.173841 0.173841 0.297488 -0.34906 0.348724 0.348724 0.175788 -4.51886e-14 0.348724 0.348724 0.0349066 0.261799 0.122173 0.122173 
0.088775 0.0511825 -0.382434 -0.922564 0.998205 -0.00917806 0.0591835 -0.0311012 -0.923937 0.381278 -0.136864 -0.0317861 0.13281 1.39626 -0.993675 0.052359 0.173766 0.173766 0.703151 -0.34906 0.348687 0.348687 0.919505 -5.01886e-14 0.348687 0.348687 0.0349066 0.261799 0.122173 0.122173 
0.0887425 0.0511825 -0.382434 -0.922564 0.998205 -0.00917806 0.0591835 -0.0311012 -0.923937 0.381278 -0.136864 -0.0317861 0.15281 1.39626 -0.993675 0.052359 0.173765 0.173765 0.703151 -0.34906 0.348686 0.348686 0.919505 -5.01753e-14 0.348686 0.348686 0.0349066 0.261799 0.122173 0.122173 
1.81576 0.0511825 -0.382434 -0.922564 0.998205 -0.00917806 0.0591835 -0.0311012 -0.923937 0.381278 -0.136864 -0.0317861 0.16281 1.39626 -0.980295 0.052359 0.173765 0.173765 0.703151 -0.34906 0.348686 0.348686 0.933027 -5.02507e-14 0.348686 0.348686 0.0349066 0.261799 0.122173 0.122173 
0.595589 0.0511825 -0.382434 -0.922564 0.998205 -0.00917806 0.0591835 -0.0311012 -0.923937 0.381278 -0.136864 -0.0317861 0.17281 1.39626 -0.993675 0.052359 0.173765 0.173765 0.703151 -0.34906 0.348686 0.348686 0.919505 -5.02861e-14 0.348686 0.348686 0.0349066 0.261799 0.122173 0.122173 
5.32463 0.0511825 -0.382434 -0.922564 -0.998205 0.00917806 -0.0591835 0.0311012 0.923937 -0.381278 -0.136864 0.0317861 -0.13281 1.39626 -0.993675 0.0523589 0.17372 0.17372 0.70315 -0.349059 0.348664 0.348664 0.919503 -5.29841e-14 0.348664 0.348664 0.0349066 0.261799 0.122173 0.122173 
2.6258 0.0511825 -0.382434 -0.922564 -0.998205 0.00917806 -0.0591835 0.0311012 0.923937 -0.381278 -0.136864 0.0317861 -0.14281 1.39626 -0.980296 0.0523589 0.173719 0.173719 0.70315 -0.349059 0.348664 0.348664 0.933026 -5.30447e-14 0.348664 0.348664 0.0349066 0.261799 0.122173 0.122173 
3.39903 0.0511825 -0.382434 -0.922564 -0.998205 0.00917806 -0.0591835 0.0311012 0.923937 -0.381278 -0.136864 0.0317861 -0.15281 1.39626 -0.993675 0.0523589 0.173719 0.173719 0.70315 -0.349059 0.348663 0.348663 0.919503 -5.29856e-14 0.348663 0.348663 0.0349066 0.261799 0.122173 0.122173 
0.1845 0.0511825 -0.382434 -0.922564 -0.998205 0.00917806 -0.0591835 0.0311012 0.923937 -0.381278 -0.136864 0.0317861 -0.16281 1.39626 -0.980295 0.0523589 0.173719 0.173719 0.70315 -0.349059 0.348663 0.348663 0.933026 -5.29989e-14 0.348663 0.348663 0.0349066 0.261799 0.122173 0.122173 
3.399 0.0511825 -0.382434 -0.922564 -0.998205 0.00917806 -0.0591835 0.0311012 0.923937 -0.381278 -0.136864 0.0317861 -0.17281 1.39626 -0.993675 0.0523589 0.173718 0.173718 0.70315 -0.349059 0.348663 0.348663 0.919503 -5.30329e-14 0.348663 0.348663 0.0349066 0.261799 0.122173 0.122173 
0.817716 0.0511825 -0.382434 -0.922564 0.0311012 0.923937 -0.381278 0.998205 -0.00917806 0.0591835 -0.136864 -0.13281 -0.0317861 1.39626 -0.993676 0.0523588 0.173627 0.173627 0.703147 -0.349058 0.348618 0.348618 0.9195 -5.97512e-14 0.348618 0.348618 0.0349066 0.261799 0.122173 0.122173 
0.0342669 0.0511825 -0.382434 -0.922564 0.0311012 0.923937 -0.381278 0.998205 -0.00917806 0.0591835 -0.136864 -0.15281 -0.0317861 1.39626 -0.993675 0.0523588 0.173626 0.173626 0.703147 -0.349058 0.348618 0.348618 0.9195 -5.97475e-14 0.348618 0.348618 0.0349066 0.261799 0.122173 0.122173 
1.98742 0.0511825 -0.382434 -0.922564 0.0311012 0.923937 -0.381278 0.998205 -0.00917806 0.0591835 -0.136864 -0.16281 -0.0317861 1.39626 -0.980295 0.0523588 0.173626 0.173626 0.703147 -0.349058 0.348618 0.348618 0.933022 -5.97941e-14 0.348618 0.348618 0.0349066 0.261799 0.122173 0.122173 
0.98087 0.0511825 -0.382434 -0.922564 0.0311012 0.923937 -0.381278 0.998205 -0.00917806 0.0591835 -0.136864 -0.17281 -0.0317861 1.39626 -0.993675 0.0523588 0.173626 0.173626 0.703147 -0.349058 0.348617 0.348617 0.9195 -5.97704e-14 0.348617 0.348617 0.0349066 0.261799 0.122173 0.122173 
6.30483 -0.0311012 -0.923937 0.381278 0.0511825 -0.382434 -0.922564 0.998205 -0.00917806 0.0591835 0.14281 -0.146864 -0.0117861 1.39626 -0.846497 0.0523588 0.173575 0.173575 0.513837 -0.349058 0.348592 0.348592 0.513837 -6.43966e-14 0.348592 0.348592 0.0349066 0.261799 0.122173 0.122173 
7.99844 -0.0311012 -0.923937 0.381278 0.0511825 -0.382434 -0.922564 0.998205 -0.00917806 0.0591835 0.14281 -0.146864 -0.0217861 1.39626 -0.846496 0.0523588 0.173573 0.173573 0.513837 -0.349058 0.348591 0.348591 0.513837 -6.40892e-14 0.348591 0.348591 0.0349066 0.261799 0.122173 0.122173 
7.99842 -0.0311012 -0.923937 0.381278 0.0511825 -0.382434 -0.922564 0.998205 -0.00917806 0.0591835 0.14281 -0.146864 -0.0317861 1.39626 -0.846495 0.0523588 0.173571 0.173571 0.513837 -0.349058 0.34859 0.34859 0.513837 -6.41838e-14 0.34859 0.34859 0.0349066 0.261799 0.122173 0.122173 
7.99332 0.0311012 0.923937 -0.381278 0.0511825 -0.382434 -0.922564 -0.998205 0.00917806 -0.0591835 -0.14281 -0.146864 0.0117861 1.39626 -0.846497 0.0523587 0.173528 0.173528 0.513836 -0.349058 0.348569 0.348569 0.513836 -6.55726e-14 0.348569 0.348569 0.0349066 0.261799 0.122173 0.122173 
6.30462 0.0311012 0.923937 -0.381278 0.0511825 -0.382434 -0.922564 -0.998205 0.00917806 -0.0591835 -0.14281 -0.146864 0.0217861 1.39626 -0.846496 0.0523587 0.173526 0.173526 0.513836 -0.349058 0.348568 0.348568 0.513836 -6.5478e-14 0.348568 0.348568 0.0349066 0.261799 0.122173 0.122173 
6.10331 -0.998205 0.00917806 -0.0591835 0.0511825 -0.382434 -0.922564 -0.0311012 -0.923937 0.381278 0.0117861 -0.146864 0.14281 1.39626 -0.846497 0.0523586 0.173482 0.173482 0.513835 -0.349057 0.348546 0.348546 0.513835 -6.87403e-14 0.348546 0.348546 0.0349066 0.261799 0.122173 0.122173 
6.01222 -0.998205 0.00917806 -0.0591835 0.0511825 -0.382434 -0.922564 -0.0311012 -0.923937 0.381278 0.0317861 -0.146864 0.14281 1.39626 -0.846496 0.0523586 0.173478 0.173478 0.513835 -0.349057 0.348545 0.348545 0.513835 -6.88763e-14 0.348545 0.348545 0.0349066 0.261799 0.122173 0.122173 
6.01746 0.998205 -0.00917806 0.0591835 0.0511825 -0.382434 -0.922564 0.0311012 0.923937 -0.381278 -0.0317861 -0.146864 -0.14281 1.39626 -0.846496 0.0523586 0.173432 0.173432 0.513834 -0.349057 0.348522 0.348522 0.513834 -7.23602e-14 0.348522 0.348522 0.0349066 0.261799 0.122173 0.122173 
0.80384 -0.0511825 0.382434 0.922564 0.0311012 0.923937 -0.381278 -0.998205 0.00917806 -0.0591835 0.136864 -0.14281 0.0317861 1.39626 -0.980297 0.0523583 0.173208 0.173208 0.703135 -0.349055 0.348412 0.348412 0.933007 -8.48668e-14 0.348412 0.348412 0.0349066 0.261799 0.122173 0.122173 
4.24596 -0.0511825 0.382434 0.922564 0.0311012 0.923937 -0.381278 -0.998205 0.00917806 -0.0591835 0.136864 -0.15281 0.0317861 1.39626 -0.993676 0.0523583 0.173208 0.173208 0.703135 -0.349055 0.348411 0.348411 0.919485 -8.4968e-14 0.348411 0.348411 0.0349066 0.261799 0.122173 0.122173 
0.0342669 -0.0511825 0.382434 0.922564 0.0311012 0.923937 -0.381278 -0.998205 0.00917806 -0.0591835 0.136864 -0.17281 0.0317861 1.39626 -0.993676 0.0523583 0.173207 0.173207 0.703135 -0.349055 0.348411 0.348411 0.919485 -8.51778e-14 0.348411 0.348411 0.0349066 0.261799 0.122173 0.122173 
4.32591 -0.0511825 0.382434 0.922564 -0.0311012 -0.923937 0.381278 0.998205 -0.00917806 0.0591835 0.136864 0.13281 -0.0317861 1.39626 -0.993677 0.0523583 0.173162 0.173162 0.703134 -0.349055 0.348389 0.348389 0.919483 -8.83137e-14 0.348389 0.348389 0.0349066 0.261799 0.122173 0.122173 
0.80384 -0.0511825 0.382434 0.922564 -0.0311012 -0.923937 0.381278 0.998205 -0.00917806 0.0591835 0.136864 0.14281 -0.0317861 1.39626 -0.980297 0.0523583 0.173162 0.173162 0.703134 -0.349055 0.348389 0.348389 0.933005 -8.83181e-14 0.348389 0.348389 0.0349066 0.261799 0.122173 0.122173 
0.398656 -0.0511825 0.382434 0.922564 -0.0311012 -0.923937 0.381278 0.998205 -0.00917806 0.0591835 0.136864 0.15281 -0.0317861 1.39626 -0.993676 0.0523583 0.173161 0.173161 0.703134 -0.349055 0.348389 0.348389 0.919483 -8.84503e-14 0.348389 0.348389 0.0349066 0.261799 0.122173 0.122173 
0.524083 -0.0511825 0.382434 0.922564 0.998205 -0.00917806 0.0591835 0.0311012 0.923937 -0.381278 0.136864 -0.0317861 -0.13281 1.39626 -0.993677 0.0523582 0.173116 0.173116 0.703133 -0.349054 0.348366 0.348366 0.919481 -9.22673e-14 0.348366 0.348366 0.0349066 0.261799 0.122173 0.122173 
3.27308 -0.0511825 0.382434 0.922564 0.998205 -0.00917806 0.0591835 0.0311012 0.923937 -0.381278 0.136864 -0.0317861 -0.15281 1.39626 -0.993676 0.0523582 0.173115 0.173115 0.703133 -0.349054 0.348366 0.348366 0.919481 -9.22925e-14 0.348366 0.348366 0.0349066 0.261799 0.122173 0.122173 
0.181363 -0.0511825 0.382434 0.922564 0.998205 -0.00917806 0.0591835 0.0311012 0.923937 -0.381278 0.136864 -0.0317861 -0.16281 1.39626 -0.980297 0.0523582 0.173115 0.173115 0.703133 -0.349054 0.348365 0.348365 0.933003 -9.22274e-14 0.348365 0.348365 0.0349066 0.261799 0.122173 0.122173 
4.41645e-05 -0.0511825 0.382434 0.922564 0.998205 -0.00917806 0.0591835 0.0311012 0.923937 -0.381278 0.136864 -0.0317861 -0.17281 1.39626 -0.993676 0.0523582 0.173114 0.173114 0.703133 -0.349054 0.348365 0.348365 0.919481 -9.22467e-14 0.348365 0.348365 0.0349066 0.261799 0.122173 0.122173 
1.63324 -0.0511825 0.382434 0.922564 -0.998205 0.00917806 -0.0591835 -0.0311012 -0.923937 0.381278 0.136864 0.0317861 0.13281 1.39626 -0.993677 0.0523582 0.173069 0.173069 0.703131 -0.349054 0.348343 0.348343 0.91948 -9.54468e-14 0.348343 0.348343 0.0349066 0.261799 0.122173 0.122173 
3.30161 -0.0511825 0.382434 0.922564 -0.998205 0.00917806 -0.0591835 -0.0311012 -0.923937 0.381278 0.136864 0.0317861 0.15281 1.39626 -0.993677 0.0523582 0.173068 0.173068 0.703131 -0.349054 0.348343 0.348343 0.91948 -9.5565e-14 0.348343 0.348343 0.0349066 0.261799 0.122173 0.122173 
1.63318 -0.0511825 0.382434 0.922564 -0.998205 0.00917806 -0.0591835 -0.0311012 -0.923937 0.381278 0.136864 0.0317861 0.17281 1.39626 -0.993676 0.0523582 0.173068 0.173068 0.703131 -0.349054 0.348342 0.348342 0.91948 -9.55916e-14 0.348342 0.348342 0.0349066 0.261799 0.122173 0.122173 
6.11336 -0.998205 0.00917806 -0.0591835 -0.0511825 0.382434 0.922564 0.0311012 0.923937 -0.381278 0.0117861 0.146864 -0.14281 1.39626 -0.846501 0.0523581 0.173017 0.173017 0.513826 -0.349053 0.348317 0.348317 0.513826 -9.86764e-14 0.348317 0.348317 0.0349066 0.261799 0.122173 0.122173 
6.02712 0.998205 -0.00917806 0.0591835 -0.0511825 0.382434 0.922564 -0.0311012 -0.923937 0.381278 -0.0117861 0.146864 0.14281 1.39626 -0.846501 0.052358 0.17297 0.17297 0.513825 -0.349053 0.348294 0.348294 0.513825 -1.02964e-13 0.348294 0.348294 0.0349066 0.261799 0.122173 0.122173 
7.98115 0.0311012 0.923937 -0.381278 -0.0511825 0.382434 0.922564 0.998205 -0.00917806 0.0591835 -0.14281 0.146864 -0.0317861 1.39626 -0.8465 0.052358 0.17292 0.17292 0.513824 -0.349053 0.34827 0.34827 0.513824 -1.06705e-13 0.34827 0.34827 0.0349066 0.261799 0.122173 0.122173 
6.30003 -0.0311012 -0.923937 0.381278 -0.0511825 0.382434 0.922564 -0.998205 0.00917806 -0.0591835 0.14281 0.146864 0.0117861 1.39626 -0.846502 0.0523579 0.172877 0.172877 0.513823 -0.349052 0.348248 0.348248 0.513823 -1.11279e-13 0.348248 0.348248 0.0349066 0.261799 0.122173 0.122173 
6.30002 -0.0311012 -0.923937 0.381278 -0.0511825 0.382434 0.922564 -0.998205 0.00917806 -0.0591835 0.14281 0.146864 0.0217861 1.39626 -0.846501 0.0523579 0.172875 0.172875 0.513823 -0.349052 0.348248 0.348248 0.513823 -1.11373e-13 0.348248 0.348248 0.0349066 0.261799 0.122173 0.122173 
7.97573 -0.0311012 -0.923937 0.381278 -0.0511825 0.382434 0.922564 -0.998205 0.00917806 -0.0591835 0.14281 0.146864 0.0317861 1.39626 -0.846501 0.0523579 0.172873 0.172873 0.513823 -0.349052 0.348247 0.348247 0.513823 -1.1163e-13 0.348247 0.348247 0.0349066 0.261799 0.122173 0.122173 
0.0593002 0.998205 -0.00917806 0.0591835 -0.0311012 -0.923937 0.381278 0.0511825 -0.382434 -0.922564 -0.0217861 0.16281 -0.156864 1.39626 -1.0472 0.0523579 0.172818 0.172818 0.297476 -0.349052 0.34822 0.34822 0.175781 -1.12192e-13 0.34822 0.34822 0.0349066 0.261799 0.122173 0.122173 
0.605532 -0.998205 0.00917806 -0.0591835 0.0311012 0.923937 -0.381278 0.0511825 -0.382434 -0.922564 0.0217861 -0.16281 -0.156864 1.39626 -1.0472 0.0523578 0.172772 0.172772 0.297475 -0.349051 0.348197 0.348197 0.175781 -1.14405e-13 0.348197 0.348197 0.0349066 0.261799 0.122173 0.122173 
0.033704 0.0511825 -0.382434 -0.922564 0.998205 -0.00917806 0.0591835 -0.0311012 -0.923937 0.381278 -0.136864 -0.0317861 0.13281 1.39626 -0.993678 0.0523577 0.172649 0.172649 0.70312 -0.34905 0.348137 0.348137 0.919464 -1.22376e-13 0.348137 0.348137 0.0349066 0.261799 0.122173 0.122173 
2.64266 0.0511825 -0.382434 -0.922564 0.998205 -0.00917806 0.0591835 -0.0311012 -0.923937 0.381278 -0.136864 -0.0317861 0.15281 1.39626 -0.993677 0.0523577 0.172649 0.172649 0.70312 -0.34905 0.348136 0.348136 0.919464 -1.22421e-13 0.348136 0.348136 0.0349066 0.261799 0.122173 0.122173 
0.238723 0.0511825 -0.382434 -0.922564 0.998205 -0.00917806 0.0591835 -0.0311012 -0.923937 0.381278 -0.136864 -0.0317861 0.16281 1.39626 -0.980298 0.0523577 0.172648 0.172648 0.70312 -0.34905 0.348136 0.348136 0.932986 -1.22495e-13 0.348136 0.348136 0.0349066 0.261799 0.122173 0.122173 
2.64261 0.0511825 -0.382434 -0.922564 0.998205 -0.00917806 0.0591835 -0.0311012 -0.923937 0.381278 -0.136864 -0.0317861 0.17281 1.39626 -0.993677 0.0523577 0.172648 0.172648 0.70312 -0.34905 0.348136 0.348136 0.919464 -1.22593e-13 0.348136 0.348136 0.0349066 0.261799 0.122173 0.122173 
1.23124 0.0511825 -0.382434 -0.922564 -0.998205 0.00917806 -0.0591835 0.0311012 0.923937 -0.381278 -0.136864 0.0317861 -0.13281 1.39626 -0.993678 0.0523576 0.172603 0.172603 0.703118 -0.34905 0.348114 0.348114 0.919463 -1.25222e-13 0.348114 0.348114 0.0349066 0.261799 0.122173 0.122173 
1.82785 0.0511825 -0.382434 -0.922564 -0.998205 0.00917806 -0.0591835 0.0311012 0.923937 -0.381278 -0.136864 0.0317861 -0.14281 1.39626 -0.980298 0.0523576 0.172602 0.172602 0.703118 -0.34905 0.348114 0.348114 0.932984 -1.25268e-13 0.348114 0.348114 0.0349066 0.261799 0.122173 0.122173 
0.572195 0.0511825 -0.382434 -0.922564 -0.998205 0.00917806 -0.0591835 0.0311012 0.923937 -0.381278 -0.136864 0.0317861 -0.15281 1.39626 -0.993678 0.0523576 0.172602 0.172602 0.703118 -0.34905 0.348113 0.348113 0.919463 -1.25333e-13 0.348113 0.348113 0.0349066 0.261799 0.122173 0.122173 
0.711788 0.0511825 -0.382434 -0.922564 -0.998205 0.00917806 -0.0591835 0.0311012 0.923937 -0.381278 -0.136864 0.0317861 -0.16281 1.39626 -0.980298 0.0523576 0.172602 0.172602 0.703118 -0.34905 0.348113 0.348113 0.932984 -1.25514e-13 0.348113 0.348113 0.0349066 0.261799 0.122173 0.122173 
3.33854 0.0511825 -0.382434 -0.922564 -0.998205 0.00917806 -0.0591835 0.0311012 0.923937 -0.381278 -0.136864 0.0317861 -0.17281 1.39626 -0.993677 0.0523576 0.172601 0.172601 0.703118 -0.34905 0.348113 0.348113 0.919463 -1.25634e-13 0.348113 0.348113 0.0349066 0.261799 0.122173 0.122173 
0.98087 0.0511825 -0.382434 -0.922564 -0.0311012 -0.923937 0.381278 -0.998205 0.00917806 -0.0591835 -0.136864 0.16281 0.0317861 1.39626 -0.980298 0.0523576 0.172555 0.172555 0.703117 -0.34905 0.34809 0.34809 0.932982 -1.29691e-13 0.34809 0.34809 0.0349066 0.261799 0.122173 0.122173 
1.85827 0.0511825 -0.382434 -0.922564 0.0311012 0.923937 -0.381278 0.998205 -0.00917806 0.0591835 -0.136864 -0.13281 -0.0317861 1.39626 -0.993678 0.0523575 0.172509 0.172509 0.703116 -0.349049 0.348068 0.348068 0.919459 -1.32629e-13 0.348068 0.348068 0.0349066 0.261799 0.122173 0.122173 
0.454151 0.0511825 -0.382434 -0.922564 0.0311012 0.923937 -0.381278 0.998205 -0.00917806 0.0591835 -0.136864 -0.15281 -0.0317861 1.39626 -0.993678 0.0523575 0.172509 0.172509 0.703116 -0.349049 0.348068 0.348068 0.919459 -1.32784e-13 0.348068 0.348068 0.0349066 0.261799 0.122173 0.122173 
1.98742 0.0511825 -0.382434 -0.922564 0.0311012 0.923937 -0.381278 0.998205 -0.00917806 0.0591835 -0.136864 -0.16281 -0.0317861 1.39626 -0.980298 0.0523575 0.172508 0.172508 0.703116 -0.349049 0.348067 0.348067 0.932981 -1.32743e-13 0.348067 0.348067 0.0349066 0.261799 0.122173 0.122173 
0.454151 0.0511825 -0.382434 -0.922564 0.0311012 0.923937 -0.381278 0.998205 -0.00917806 0.0591835 -0.136864 -0.17281 -0.0317861 1.39626 -0.993677 0.0523575 0.172508 0.172508 0.703116 -0.349049 0.348067 0.348067 0.919459 -1.32818e-13 0.348067 0.348067 0.0349066 0.261799 0.122173 0.122173 
7.98484 -0.0311012 -0.923937 0.381278 0.0511825 -0.382434 -0.922564 0.998205 -0.00917806 0.0591835 0.14281 -0.146864 -0.0117861 1.39626 -0.846505 0.0523574 0.172457 0.172457 0.513814 -0.349049 0.348042 0.348042 0.513814 -1.37596e-13 0.348042 0.348042 0.0349066 0.261799 0.122173 0.122173 
7.98482 -0.0311012 -0.923937 0.381278 0.0511825 -0.382434 -0.922564 0.998205 -0.00917806 0.0591835 0.14281 -0.146864 -0.0217861 1.39626 -0.846505 0.0523574 0.172455 0.172455 0.513814 -0.349049 0.348041 0.348041 0.513814 -1.3785e-13 0.348041 0.348041 0.0349066 0.261799 0.122173 0.122173 
6.10102 -0.998205 0.00917806 -0.0591835 0.0511825 -0.382434 -0.922564 -0.0311012 -0.923937 0.381278 0.0217861 -0.146864 0.14281 1.39626 -0.846506 0.0523573 0.172361 0.172361 0.513812 -0.349048 0.347995 0.347995 0.513812 -1.43943e-13 0.347995 0.347995 0.0349066 0.261799 0.122173 0.122173 
6.10102 -0.998205 0.00917806 -0.0591835 0.0511825 -0.382434 -0.922564 -0.0311012 -0.923937 0.381278 0.0317861 -0.146864 0.14281 1.39626 -0.846505 0.0523573 0.172359 0.172359 0.513812 -0.349048 0.347994 0.347994 0.513812 -1.43824e-13 0.347994 0.347994 0.0349066 0.261799 0.122173 0.122173 
6.10646 0.998205 -0.00917806 0.0591835 0.0511825 -0.382434 -0.922564 0.0311012 0.923937 -0.381278 -0.0117861 -0.146864 -0.14281 1.39626 -0.846507 0.0523573 0.172316 0.172316 0.513811 -0.349048 0.347973 0.347973 0.513811 -1.481e-13 0.347973 0.347973 0.0349066 0.261799 0.122173 0.122173 
0.605532 0.998205 -0.00917806 0.0591835 0.0311012 0.923937 -0.381278 -0.0511825 0.382434 0.922564 -0.0217861 -0.16281 0.156864 1.39626 -1.0472 0.0523571 0.172164 0.172164 0.297468 -0.349047 0.347898 0.347898 0.175777 -1.56895e-13 0.347898 0.347898 0.0349066 0.261799 0.122173 0.122173 
1.98742 -0.0511825 0.382434 0.922564 0.0311012 0.923937 -0.381278 -0.998205 0.00917806 -0.0591835 0.136864 -0.15281 0.0317861 1.39626 -0.993679 0.052357 0.172088 0.172088 0.703104 -0.349046 0.347861 0.347861 0.919444 -1.63002e-13 0.347861 0.347861 0.0349066 0.261799 0.122173 0.122173 
2.87326 -0.0511825 0.382434 0.922564 0.0311012 0.923937 -0.381278 -0.998205 0.00917806 -0.0591835 0.136864 -0.16281 0.0317861 1.39626 -0.9803 0.052357 0.172087 0.172087 0.703104 -0.349046 0.347861 0.347861 0.932965 -1.63044e-13 0.347861 0.347861 0.0349066 0.261799 0.122173 0.122173 
2.21597 -0.0511825 0.382434 0.922564 -0.0311012 -0.923937 0.381278 0.998205 -0.00917806 0.0591835 0.136864 0.13281 -0.0317861 1.39626 -0.993679 0.052357 0.172041 0.172041 0.703103 -0.349046 0.347838 0.347838 0.919442 -1.67889e-13 0.347838 0.347838 0.0349066 0.261799 0.122173 0.122173 
0.398656 -0.0511825 0.382434 0.922564 -0.0311012 -0.923937 0.381278 0.998205 -0.00917806 0.0591835 0.136864 0.14281 -0.0317861 1.39626 -0.9803 0.052357 0.172041 0.172041 0.703103 -0.349046 0.347838 0.347838 0.932963 -1.67975e-13 0.347838 0.347838 0.0349066 0.261799 0.122173 0.122173 
2.87326 -0.0511825 0.382434 0.922564 -0.0311012 -0.923937 0.381278 0.998205 -0.00917806 0.0591835 0.136864 0.17281 -0.0317861 1.39626 -0.993678 0.0523569 0.17204 0.17204 0.703103 -0.349046 0.347838 0.347838 0.919442 -1.67846e-13 0.347838 0.347838 0.0349066 0.261799 0.122173 0.122173 
1.55357 -0.0511825 0.382434 0.922564 0.998205 -0.00917806 0.0591835 0.0311012 0.923937 -0.381278 0.136864 -0.0317861 -0.13281 1.39626 -0.993679 0.0523569 0.171995 0.171995 0.703101 -0.349045 0.347815 0.347815 0.91944 -1.70377e-13 0.347815 0.347815 0.0349066 0.261799 0.122173 0.122173 
1.10999 -0.0511825 0.382434 0.922564 0.998205 -0.00917806 0.0591835 0.0311012 0.923937 -0.381278 0.136864 -0.0317861 -0.15281 1.39626 -0.993679 0.0523569 0.171994 0.171994 0.703101 -0.349045 0.347815 0.347815 0.91944 -1.70542e-13 0.347815 0.347815 0.0349066 0.261799 0.122173 0.122173 
1.10996 -0.0511825 0.382434 0.922564 0.998205 -0.00917806 0.0591835 0.0311012 0.923937 -0.381278 0.136864 -0.0317861 -0.17281 1.39626 -0.993679 0.0523569 0.171993 0.171993 0.703101 -0.349045 0.347815 0.347815 0.91944 -1.70587e-13 0.347815 0.347815 0.0349066 0.261799 0.122173 0.122173 
5.11716 -0.0511825 0.382434 0.922564 -0.998205 0.00917806 -0.0591835 -0.0311012 -0.923937 0.381278 0.136864 0.0317861 0.15281 1.39626 -0.993679 0.0523568 0.171947 0.171947 0.7031 -0.349045 0.347792 0.347792 0.919439 -1.75033e-13 0.347792 0.347792 0.0349066 0.261799 0.122173 0.122173 
1.13733 -0.0511825 0.382434 0.922564 -0.998205 0.00917806 -0.0591835 -0.0311012 -0.923937 0.381278 0.136864 0.0317861 0.17281 1.39626 -0.993679 0.0523568 0.171946 0.171946 0.7031 -0.349045 0.347792 0.347792 0.919439 -1.753e-13 0.347792 0.347792 0.0349066 0.261799 0.122173 0.122173 
6.1111 -0.998205 0.00917806 -0.0591835 -0.0511825 0.382434 0.922564 0.0311012 0.923937 -0.381278 0.0217861 0.146864 -0.14281 1.39626 -0.846509 0.0523568 0.171893 0.171893 0.513803 -0.349044 0.347766 0.347766 0.513803 -1.80177e-13 0.347766 0.347766 0.0349066 0.261799 0.122173 0.122173 
7.60551 -0.998205 0.00917806 -0.0591835 -0.0511825 0.382434 0.922564 0.0311012 0.923937 -0.381278 0.0117861 0.156864 -0.14281 1.39626 -0.739476 0.0523568 0.171885 0.171885 0.378591 -0.349044 0.347762 0.347762 0.378591 -1.80478e-13 0.347762 0.347762 0.0349066 0.261799 0.122173 0.122173 
7.60551 -0.998205 0.00917806 -0.0591835 -0.0511825 0.382434 0.922564 0.0311012 0.923937 -0.381278 0.0217861 0.156864 -0.14281 1.39626 -0.739475 0.0523568 0.171884 0.171884 0.378591 -0.349044 0.347761 0.347761 0.378591 -1.80753e-13 0.347761 0.347761 0.0349066 0.261799 0.122173 0.122173 
7.60551 -0.998205 0.00917806 -0.0591835 -0.0511825 0.382434 0.922564 0.0311012 0.923937 -0.381278 0.0317861 0.156864 -0.14281 1.39626 -0.739474 0.0523568 0.171882 0.171882 0.378591 -0.349044 0.34776 0.34776 0.378591 -1.80851e-13 0.34776 0.34776 0.0349066 0.261799 0.122173 0.122173 
6.02495 0.998205 -0.00917806 0.0591835 -0.0511825 0.382434 0.922564 -0.0311012 -0.923937 0.381278 -0.0117861 0.146864 0.14281 1.39626 -0.84651 0.0523567 0.171848 0.171848 0.513802 -0.349044 0.347744 0.347744 0.513802 -1.82931e-13 0.347744 0.347744 0.0349066 0.261799 0.122173 0.122173 
6.02495 0.998205 -0.00917806 0.0591835 -0.0511825 0.382434 0.922564 -0.0311012 -0.923937 0.381278 -0.0217861 0.146864 0.14281 1.39626 -0.84651 0.0523567 0.171846 0.171846 0.513802 -0.349044 0.347743 0.347743 0.513802 -1.83025e-13 0.347743 0.347743 0.0349066 0.261799 0.122173 0.122173 
6.02495 0.998205 -0.00917806 0.0591835 -0.0511825 0.382434 0.922564 -0.0311012 -0.923937 0.381278 -0.0317861 0.146864 0.14281 1.39626 -0.846509 0.0523567 0.171844 0.171844 0.513802 -0.349044 0.347742 0.347742 0.513802 -1.83126e-13 0.347742 0.347742 0.0349066 0.261799 0.122173 0.122173 
6.29257 0.0311012 0.923937 -0.381278 -0.0511825 0.382434 0.922564 0.998205 -0.00917806 0.0591835 -0.14281 0.146864 -0.0117861 1.39626 -0.846511 0.0523567 0.171801 0.171801 0.513801 -0.349044 0.347721 0.347721 0.513801 -1.87215e-13 0.347721 0.347721 0.0349066 0.261799 0.122173 0.122173 
6.29256 0.0311012 0.923937 -0.381278 -0.0511825 0.382434 0.922564 0.998205 -0.00917806 0.0591835 -0.14281 0.146864 -0.0217861 1.39626 -0.84651 0.0523567 0.171799 0.171799 0.513801 -0.349044 0.34772 0.34772 0.513801 -1.87093e-13 0.34772 0.34772 0.0349066 0.261799 0.122173 0.122173 
0.0593002 -0.998205 0.00917806 -0.0591835 0.0311012 0.923937 -0.381278 0.0511825 -0.382434 -0.922564 0.0217861 -0.16281 -0.156864 1.39626 -1.0472 0.0523565 0.171648 0.171648 0.297462 -0.349042 0.347646 0.347646 0.175773 -1.97623e-13 0.347646 0.347646 0.0349066 0.261799 0.122173 0.122173 
5.12823 0.0511825 -0.382434 -0.922564 0.998205 -0.00917806 0.0591835 -0.0311012 -0.923937 0.381278 -0.136864 -0.0317861 0.13281 1.39626 -0.99368 0.0523563 0.171525 0.171525 0.703088 -0.349041 0.347586 0.347586 0.919423 -2.05091e-13 0.347586 0.347586 0.0349066 0.261799 0.122173 0.122173 
2.56865 0.0511825 -0.382434 -0.922564 0.998205 -0.00917806 0.0591835 -0.0311012 -0.923937 0.381278 -0.136864 -0.0317861 0.15281 1.39626 -0.99368 0.0523563 0.171525 0.171525 0.703088 -0.349041 0.347585 0.347585 0.919423 -2.0518e-13 0.347585 0.347585 0.0349066 0.261799 0.122173 0.122173 
1.87536 0.0511825 -0.382434 -0.922564 0.998205 -0.00917806 0.0591835 -0.0311012 -0.923937 0.381278 -0.136864 -0.0317861 0.16281 1.39626 -0.980301 0.0523563 0.171524 0.171524 0.703088 -0.349041 0.347585 0.347585 0.932944 -2.05101e-13 0.347585 0.347585 0.0349066 0.261799 0.122173 0.122173 
1.14542 0.0511825 -0.382434 -0.922564 0.998205 -0.00917806 0.0591835 -0.0311012 -0.923937 0.381278 -0.136864 -0.0317861 0.17281 1.39626 -0.99368 0.0523563 0.171524 0.171524 0.703088 -0.349041 0.347585 0.347585 0.919423 -2.05209e-13 0.347585 0.347585 0.0349066 0.261799 0.122173 0.122173 
2.6036 0.0511825 -0.382434 -0.922564 -0.998205 0.00917806 -0.0591835 0.0311012 0.923937 -0.381278 -0.136864 0.0317861 -0.13281 1.39626 -0.99368 0.0523563 0.171478 0.171478 0.703087 -0.349041 0.347563 0.347563 0.919422 -2.08926e-13 0.347563 0.347563 0.0349066 0.261799 0.122173 0.122173 
2.60355 0.0511825 -0.382434 -0.922564 -0.998205 0.00917806 -0.0591835 0.0311012 0.923937 -0.381278 -0.136864 0.0317861 -0.15281 1.39626 -0.99368 0.0523563 0.171478 0.171478 0.703087 -0.349041 0.347562 0.347562 0.919422 -2.09133e-13 0.347562 0.347562 0.0349066 0.261799 0.122173 0.122173 
2.70595 0.0511825 -0.382434 -0.922564 -0.998205 0.00917806 -0.0591835 0.0311012 0.923937 -0.381278 -0.136864 0.0317861 -0.16281 1.39626 -0.980301 0.0523563 0.171477 0.171477 0.703087 -0.349041 0.347562 0.347562 0.932943 -2.09174e-13 0.347562 0.347562 0.0349066 0.261799 0.122173 0.122173 
2.60351 0.0511825 -0.382434 -0.922564 -0.998205 0.00917806 -0.0591835 0.0311012 0.923937 -0.381278 -0.136864 0.0317861 -0.17281 1.39626 -0.99368 0.0523563 0.171477 0.171477 0.703087 -0.349041 0.347562 0.347562 0.919422 -2.09144e-13 0.347562 0.347562 0.0349066 0.261799 0.122173 0.122173 
0.454151 0.0511825 -0.382434 -0.922564 -0.0311012 -0.923937 0.381278 -0.998205 0.00917806 -0.0591835 -0.136864 0.13281 0.0317861 1.39626 -0.99368 0.0523562 0.171431 0.171431 0.703086 -0.349041 0.34754 0.34754 0.91942 -2.12805e-13 0.34754 0.34754 0.0349066 0.261799 0.122173 0.122173 
2.87326 0.0511825 -0.382434 -0.922564 -0.0311012 -0.923937 0.381278 -0.998205 0.00917806 -0.0591835 -0.136864 0.14281 0.0317861 1.39626 -0.980302 0.0523562 0.171431 0.171431 0.703086 -0.349041 0.34754 0.34754 0.932941 -2.12851e-13 0.34754 0.34754 0.0349066 0.261799 0.122173 0.122173 
3.23593 0.0511825 -0.382434 -0.922564 0.0311012 0.923937 -0.381278 0.998205 -0.00917806 0.0591835 -0.136864 -0.13281 -0.0317861 1.39626 -0.99368 0.0523562 0.171384 0.171384 0.703085 -0.34904 0.347517 0.347517 0.919418 -2.16028e-13 0.347517 0.347517 0.0349066 0.261799 0.122173 0.122173 
0.398656 0.0511825 -0.382434 -0.922564 0.0311012 0.923937 -0.381278 0.998205 -0.00917806 0.0591835 -0.136864 -0.14281 -0.0317861 1.39626 -0.980302 0.0523562 0.171384 0.171384 0.703085 -0.34904 0.347517 0.347517 0.932939 -2.16028e-13 0.347517 0.347517 0.0349066 0.261799 0.122173 0.122173 
0.398656 0.0511825 -0.382434 -0.922564 0.0311012 0.923937 -0.381278 0.998205 -0.00917806 0.0591835 -0.136864 -0.16281 -0.0317861 1.39626 -0.980301 0.0523562 0.171383 0.171383 0.703084 -0.34904 0.347516 0.347516 0.932939 -2.15862e-13 0.347516 0.347516 0.0349066 0.261799 0.122173 0.122173 
1.85827 0.0511825 -0.382434 -0.922564 0.0311012 0.923937 -0.381278 0.998205 -0.00917806 0.0591835 -0.136864 -0.17281 -0.0317861 1.39626 -0.99368 0.0523562 0.171383 0.171383 0.703084 -0.34904 0.347516 0.347516 0.919418 -2.15899e-13 0.347516 0.347516 0.0349066 0.261799 0.122173 0.122173 
6.28929 -0.0311012 -0.923937 0.381278 0.0511825 -0.382434 -0.922564 0.998205 -0.00917806 0.0591835 0.14281 -0.146864 -0.0117861 1.39626 -0.846514 0.0523561 0.171331 0.171331 0.513791 -0.34904 0.347491 0.347491 0.513791 -2.20536e-13 0.347491 0.347491 0.0349066 0.261799 0.122173 0.122173 
7.97101 -0.0311012 -0.923937 0.381278 0.0511825 -0.382434 -0.922564 0.998205 -0.00917806 0.0591835 0.14281 -0.146864 -0.0217861 1.39626 -0.846514 0.0523561 0.171329 0.171329 0.513791 -0.34904 0.34749 0.34749 0.513791 -2.20329e-13 0.34749 0.34749 0.0349066 0.261799 0.122173 0.122173 
7.18501 -0.0311012 -0.923937 0.381278 0.0511825 -0.382434 -0.922564 0.998205 -0.00917806 0.0591835 0.14281 -0.156864 -0.0117861 1.39626 -0.739483 0.0523561 0.171322 0.171322 0.378583 -0.34904 0.347486 0.347486 0.378583 -2.19818e-13 0.347486 0.347486 0.0349066 0.261799 0.122173 0.122173 
7.77266 -0.0311012 -0.923937 0.381278 0.0511825 -0.382434 -0.922564 0.998205 -0.00917806 0.0591835 0.14281 -0.156864 -0.0217861 1.39626 -0.739482 0.0523561 0.17132 0.17132 0.378583 -0.34904 0.347485 0.347485 0.378583 -2.19921e-13 0.347485 0.347485 0.0349066 0.261799 0.122173 0.122173 
7.18501 -0.0311012 -0.923937 0.381278 0.0511825 -0.382434 -0.922564 0.998205 -0.00917806 0.0591835 0.14281 -0.156864 -0.0317861 1.39626 -0.739481 0.0523561 0.171318 0.171318 0.378583 -0.34904 0.347485 0.347485 0.378583 -2.20244e-13 0.347485 0.347485 0.0349066 0.261799 0.122173 0.122173 
7.96574 0.0311012 0.923937 -0.381278 0.0511825 -0.382434 -0.922564 -0.998205 0.00917806 -0.0591835 -0.14281 -0.146864 0.0117861 1.39626 -0.846515 0.0523561 0.171284 0.171284 0.513791 -0.349039 0.347468 0.347468 0.513791 -2.22178e-13 0.347468 0.347468 0.0349066 0.261799 0.122173 0.122173 
7.96572 0.0311012 0.923937 -0.381278 0.0511825 -0.382434 -0.922564 -0.998205 0.00917806 -0.0591835 -0.14281 -0.146864 0.0217861 1.39626 -0.846514 0.0523561 0.171282 0.171282 0.51379 -0.349039 0.347467 0.347467 0.51379 -2.22232e-13 0.347467 0.347467 0.0349066 0.261799 0.122173 0.122173 
6.28897 0.0311012 0.923937 -0.381278 0.0511825 -0.382434 -0.922564 -0.998205 0.00917806 -0.0591835 -0.14281 -0.146864 0.0317861 1.39626 -0.846513 0.0523561 0.17128 0.17128 0.51379 -0.349039 0.347466 0.347466 0.51379 -2.22453e-13 0.347466 0.347466 0.0349066 0.261799 0.122173 0.122173 
7.77101 0.0311012 0.923937 -0.381278 0.0511825 -0.382434 -0.922564 -0.998205 0.00917806 -0.0591835 -0.14281 -0.156864 0.0117861 1.39626 -0.739483 0.0523561 0.171275 0.171275 0.378582 -0.349039 0.347463 0.347463 0.378582 -2.2266e-13 0.347463 0.347463 0.0349066 0.261799 0.122173 0.122173 
7.18425 0.0311012 0.923937 -0.381278 0.0511825 -0.382434 -0.922564 -0.998205 0.00917806 -0.0591835 -0.14281 -0.156864 0.0217861 1.39626 -0.739483 0.0523561 0.171273 0.171273 0.378582 -0.349039 0.347462 0.347462 0.378582 -2.22621e-13 0.347462 0.347462 0.0349066 0.261799 0.122173 0.122173 
6.09872 -0.998205 0.00917806 -0.0591835 0.0511825 -0.382434 -0.922564 -0.0311012 -0.923937 0.381278 0.0117861 -0.146864 0.14281 1.39626 -0.846515 0.052356 0.171237 0.171237 0.51379 -0.349039 0.347445 0.347445 0.51379 -2.25322e-13 0.347445 0.347445 0.0349066 0.261799 0.122173 0.122173 
6.00778 -0.998205 0.00917806 -0.0591835 0.0511825 -0.382434 -0.922564 -0.0311012 -0.923937 0.381278 0.0317861 -0.146864 0.14281 1.39626 -0.846514 0.052356 0.171233 0.171233 0.513789 -0.349039 0.347443 0.347443 0.513789 -2.2549e-13 0.347443 0.347443 0.0349066 0.261799 0.122173 0.122173 
7.74542 0.998205 -0.00917806 0.0591835 0.0511825 -0.382434 -0.922564 0.0311012 0.923937 -0.381278 -0.0117861 -0.146864 -0.14281 1.39626 -0.846515 0.052356 0.17119 0.17119 0.513789 -0.349039 0.347422 0.347422 0.513789 -2.28317e-13 0.347422 0.347422 0.0349066 0.261799 0.122173 0.122173 
7.74541 0.998205 -0.00917806 0.0591835 0.0511825 -0.382434 -0.922564 0.0311012 0.923937 -0.381278 -0.0317861 -0.146864 -0.14281 1.39626 -0.846514 0.052356 0.171186 0.171186 0.513789 -0.349039 0.34742 0.34742 0.513789 -2.28426e-13 0.34742 0.34742 0.0349066 0.261799 0.122173 0.122173 
7.06297 0.998205 -0.00917806 0.0591835 0.0511825 -0.382434 -0.922564 0.0311012 0.923937 -0.381278 -0.0317861 -0.156864 -0.14281 1.39626 -0.739483 0.0523559 0.171177 0.171177 0.378581 -0.349039 0.347416 0.347416 0.378581 -2.28406e-13 0.347416 0.347416 0.0349066 0.261799 0.122173 0.122173 
0.0593002 0.0311012 0.923937 -0.381278 -0.998205 0.00917806 -0.0591835 -0.0511825 0.382434 0.922564 -0.16281 0.0217861 0.156864 1.39626 -1.0472 0.0523559 0.171131 0.171131 0.297456 -0.349038 0.347393 0.347393 0.175769 -2.32515e-13 0.347393 0.347393 0.0349066 0.261799 0.122173 0.122173 
0.0342669 -0.0511825 0.382434 0.922564 0.0311012 0.923937 -0.381278 -0.998205 0.00917806 -0.0591835 0.136864 -0.14281 0.0317861 1.39626 -0.980303 0.0523557 0.17096 0.17096 0.703073 -0.349037 0.34731 0.34731 0.932924 -2.41997e-13 0.34731 0.34731 0.0349066 0.261799 0.122173 0.122173 
3.23593 -0.0511825 0.382434 0.922564 0.0311012 0.923937 -0.381278 -0.998205 0.00917806 -0.0591835 0.136864 -0.15281 0.0317861 1.39626 -0.993681 0.0523557 0.17096 0.17096 0.703073 -0.349037 0.34731 0.34731 0.919403 -2.42132e-13 0.34731 0.34731 0.0349066 0.261799 0.122173 0.122173 
1.98742 -0.0511825 0.382434 0.922564 0.0311012 0.923937 -0.381278 -0.998205 0.00917806 -0.0591835 0.136864 -0.16281 0.0317861 1.39626 -0.980303 0.0523557 0.170959 0.170959 0.703073 -0.349037 0.347309 0.347309 0.932924 -2.4222e-13 0.347309 0.347309 0.0349066 0.261799 0.122173 0.122173 
2.21597 -0.0511825 0.382434 0.922564 -0.0311012 -0.923937 0.381278 0.998205 -0.00917806 0.0591835 0.136864 0.13281 -0.0317861 1.39626 -0.993681 0.0523556 0.170913 0.170913 0.703071 -0.349036 0.347287 0.347287 0.919401 -2.45241e-13 0.347287 0.347287 0.0349066 0.261799 0.122173 0.122173 
1.98742 -0.0511825 0.382434 0.922564 -0.0311012 -0.923937 0.381278 0.998205 -0.00917806 0.0591835 0.136864 0.14281 -0.0317861 1.39626 -0.980303 0.0523556 0.170913 0.170913 0.703071 -0.349036 0.347287 0.347287 0.932922 -2.45406e-13 0.347287 0.347287 0.0349066 0.261799 0.122173 0.122173 
1.98742 -0.0511825 0.382434 0.922564 -0.0311012 -0.923937 0.381278 0.998205 -0.00917806 0.0591835 0.136864 0.17281 -0.0317861 1.39626 -0.993681 0.0523556 0.170912 0.170912 0.703071 -0.349036 0.347286 0.347286 0.919401 -2.45663e-13 0.347286 0.347286 0.0349066 0.261799 0.122173 0.122173 
0.454151 -0.0511825 0.382434 0.922564 0.998205 -0.00917806 0.0591835 0.0311012 0.923937 -0.381278 0.136864 -0.0317861 -0.13281 1.39626 -0.993681 0.0523556 0.170866 0.170866 0.70307 -0.349036 0.347264 0.347264 0.9194 -2.4886e-13 0.347264 0.347264 0.0349066 0.261799 0.122173 0.122173 
0.251329 -0.0511825 0.382434 0.922564 0.998205 -0.00917806 0.0591835 0.0311012 0.923937 -0.381278 0.136864 -0.0317861 -0.14281 1.39626 -0.980303 0.0523556 0.170866 0.170866 0.70307 -0.349036 0.347264 0.347264 0.93292 -2.4892e-13 0.347264 0.347264 0.0349066 0.261799 0.122173 0.122173 
3.23593 -0.0511825 0.382434 0.922564 0.998205 -0.00917806 0.0591835 0.0311012 0.923937 -0.381278 0.136864 -0.0317861 -0.15281 1.39626 -0.993681 0.0523556 0.170865 0.170865 0.70307 -0.349036 0.347264 0.347264 0.9194 -2.49005e-13 0.347264 0.347264 0.0349066 0.261799 0.122173 0.122173 
3.23593 -0.0511825 0.382434 0.922564 0.998205 -0.00917806 0.0591835 0.0311012 0.923937 -0.381278 0.136864 -0.0317861 -0.17281 1.39626 -0.993681 0.0523556 0.170865 0.170865 0.70307 -0.349036 0.347263 0.347263 0.9194 -2.49124e-13 0.347263 0.347263 0.0349066 0.261799 0.122173 0.122173 
4.0209 -0.0511825 0.382434 0.922564 -0.998205 0.00917806 -0.0591835 -0.0311012 -0.923937 0.381278 0.136864 0.0317861 0.14281 1.39626 -0.980303 0.0523555 0.170819 0.170819 0.703069 -0.349036 0.347241 0.347241 0.932918 -2.52328e-13 0.347241 0.347241 0.0349066 0.261799 0.122173 0.122173 
3.23593 -0.0511825 0.382434 0.922564 -0.998205 0.00917806 -0.0591835 -0.0311012 -0.923937 0.381278 0.136864 0.0317861 0.15281 1.39626 -0.993681 0.0523555 0.170818 0.170818 0.703069 -0.349036 0.347241 0.347241 0.919398 -2.52403e-13 0.347241 0.347241 0.0349066 0.261799 0.122173 0.122173 
2.68015 -0.0511825 0.382434 0.922564 -0.998205 0.00917806 -0.0591835 -0.0311012 -0.923937 0.381278 0.136864 0.0317861 0.16281 1.39626 -0.980303 0.0523555 0.170818 0.170818 0.703069 -0.349036 0.34724 0.34724 0.932918 -2.52404e-13 0.34724 0.34724 0.0349066 0.261799 0.122173 0.122173 
1.46409 -0.0511825 0.382434 0.922564 -0.998205 0.00917806 -0.0591835 -0.0311012 -0.923937 0.381278 0.136864 0.0317861 0.17281 1.39626 -0.993681 0.0523555 0.170817 0.170817 0.703069 -0.349036 0.34724 0.34724 0.919398 -2.52421e-13 0.34724 0.34724 0.0349066 0.261799 0.122173 0.122173 
6.28463 0.0311012 0.923937 -0.381278 -0.0511825 0.382434 0.922564 0.998205 -0.00917806 0.0591835 -0.14281 0.146864 -0.0117861 1.39626 -0.84652 0.0523554 0.170671 0.170671 0.513778 -0.349034 0.347169 0.347169 0.513778 -2.63571e-13 0.347169 0.347169 0.0349066 0.261799 0.122173 0.122173 
6.28462 0.0311012 0.923937 -0.381278 -0.0511825 0.382434 0.922564 0.998205 -0.00917806 0.0591835 -0.14281 0.146864 -0.0217861 1.39626 -0.846519 0.0523554 0.170669 0.170669 0.513778 -0.349034 0.347168 0.347168 0.513778 -2.63538e-13 0.347168 0.347168 0.0349066 0.261799 0.122173 0.122173 
7.18624 0.0311012 0.923937 -0.381278 -0.0511825 0.382434 0.922564 0.998205 -0.00917806 0.0591835 -0.14281 0.156864 -0.0117861 1.39626 -0.739491 0.0523553 0.170662 0.170662 0.378573 -0.349034 0.347164 0.347164 0.378573 -2.64268e-13 0.347164 0.347164 0.0349066 0.261799 0.122173 0.122173 
7.94769 -0.0311012 -0.923937 0.381278 -0.0511825 0.382434 0.922564 -0.998205 0.00917806 -0.0591835 0.14281 0.146864 0.0117861 1.39626 -0.84652 0.0523553 0.170624 0.170624 0.513777 -0.349034 0.347146 0.347146 0.513777 -2.67234e-13 0.347146 0.347146 0.0349066 0.261799 0.122173 0.122173 
7.18557 -0.0311012 -0.923937 0.381278 -0.0511825 0.382434 0.922564 -0.998205 0.00917806 -0.0591835 0.14281 0.156864 0.0117861 1.39626 -0.739491 0.0523553 0.170615 0.170615 0.378573 -0.349034 0.347141 0.347141 0.378573 -2.6828e-13 0.347141 0.347141 0.0349066 0.261799 0.122173 0.122173 
7.77392 -0.0311012 -0.923937 0.381278 -0.0511825 0.382434 0.922564 -0.998205 0.00917806 -0.0591835 0.14281 0.156864 0.0317861 1.39626 -0.73949 0.0523553 0.170611 0.170611 0.378572 -0.349034 0.34714 0.34714 0.378572 -2.68711e-13 0.34714 0.34714 0.0349066 0.261799 0.122173 0.122173 
1.85827 0.0511825 -0.382434 -0.922564 0.998205 -0.00917806 0.0591835 -0.0311012 -0.923937 0.381278 -0.136864 -0.0317861 0.13281 1.39626 -0.993682 0.052355 0.170394 0.170394 0.703057 -0.349032 0.347034 0.347034 0.919382 -2.80222e-13 0.347034 0.347034 0.0349066 0.261799 0.122173 0.122173 
1.85827 0.0511825 -0.382434 -0.922564 0.998205 -0.00917806 0.0591835 -0.0311012 -0.923937 0.381278 -0.136864 -0.0317861 0.17281 1.39626 -0.993682 0.052355 0.170392 0.170392 0.703057 -0.349032 0.347033 0.347033 0.919382 -2.80223e-13 0.347033 0.347033 0.0349066 0.261799 0.122173 0.122173 
0.764718 0.0511825 -0.382434 -0.922564 -0.998205 0.00917806 -0.0591835 0.0311012 0.923937 -0.381278 -0.136864 0.0317861 -0.14281 1.39626 -0.980304 0.052355 0.170346 0.170346 0.703056 -0.349032 0.347011 0.347011 0.932901 -2.83438e-13 0.347011 0.347011 0.0349066 0.261799 0.122173 0.122173 
5.08649 0.0511825 -0.382434 -0.922564 -0.998205 0.00917806 -0.0591835 0.0311012 0.923937 -0.381278 -0.136864 0.0317861 -0.15281 1.39626 -0.993682 0.052355 0.170346 0.170346 0.703056 -0.349032 0.347011 0.347011 0.919381 -2.83503e-13 0.347011 0.347011 0.0349066 0.261799 0.122173 0.122173 
3.21804 0.0511825 -0.382434 -0.922564 -0.998205 0.00917806 -0.0591835 0.0311012 0.923937 -0.381278 -0.136864 0.0317861 -0.17281 1.39626 -0.993682 0.052355 0.170345 0.170345 0.703056 -0.349032 0.34701 0.34701 0.919381 -2.83384e-13 0.34701 0.34701 0.0349066 0.261799 0.122173 0.122173 
0.454151 0.0511825 -0.382434 -0.922564 -0.0311012 -0.923937 0.381278 -0.998205 0.00917806 -0.0591835 -0.136864 0.13281 0.0317861 1.39626 -0.993683 0.0523549 0.170299 0.170299 0.703055 -0.349031 0.346988 0.346988 0.919379 -2.85597e-13 0.346988 0.346988 0.0349066 0.261799 0.122173 0.122173 
1.98742 0.0511825 -0.382434 -0.922564 -0.0311012 -0.923937 0.381278 -0.998205 0.00917806 -0.0591835 -0.136864 0.14281 0.0317861 1.39626 -0.980305 0.0523549 0.170299 0.170299 0.703055 -0.349031 0.346988 0.346988 0.932899 -2.8567e-13 0.346988 0.346988 0.0349066 0.261799 0.122173 0.122173 
0.0342669 0.0511825 -0.382434 -0.922564 -0.0311012 -0.923937 0.381278 -0.998205 0.00917806 -0.0591835 -0.136864 0.16281 0.0317861 1.39626 -0.980304 0.0523549 0.170298 0.170298 0.703055 -0.349031 0.346987 0.346987 0.932899 -2.85519e-13 0.346987 0.346987 0.0349066 0.261799 0.122173 0.122173 
1.46409 0.0511825 -0.382434 -0.922564 -0.0311012 -0.923937 0.381278 -0.998205 0.00917806 -0.0591835 -0.136864 0.17281 0.0317861 1.39626 -0.993682 0.0523549 0.170298 0.170298 0.703054 -0.349031 0.346987 0.346987 0.919379 -2.85648e-13 0.346987 0.346987 0.0349066 0.261799 0.122173 0.122173 
2.87326 0.0511825 -0.382434 -0.922564 0.0311012 0.923937 -0.381278 0.998205 -0.00917806 0.0591835 -0.136864 -0.14281 -0.0317861 1.39626 -0.980305 0.0523549 0.170251 0.170251 0.703053 -0.349031 0.346965 0.346965 0.932898 -2.89464e-13 0.346965 0.346965 0.0349066 0.261799 0.122173 0.122173 
3.23593 0.0511825 -0.382434 -0.922564 0.0311012 0.923937 -0.381278 0.998205 -0.00917806 0.0591835 -0.136864 -0.15281 -0.0317861 1.39626 -0.993682 0.0523549 0.170251 0.170251 0.703053 -0.349031 0.346965 0.346965 0.919377 -2.89457e-13 0.346965 0.346965 0.0349066 0.261799 0.122173 0.122173 
2.87326 0.0511825 -0.382434 -0.922564 0.0311012 0.923937 -0.381278 0.998205 -0.00917806 0.0591835 -0.136864 -0.16281 -0.0317861 1.39626 -0.980304 0.0523549 0.170251 0.170251 0.703053 -0.349031 0.346964 0.346964 0.932898 -2.89652e-13 0.346964 0.346964 0.0349066 0.261799 0.122173 0.122173 
3.23593 0.0511825 -0.382434 -0.922564 0.0311012 0.923937 -0.381278 0.998205 -0.00917806 0.0591835 -0.136864 -0.17281 -0.0317861 1.39626 -0.993682 0.0523549 0.17025 0.17025 0.703053 -0.349031 0.346964 0.346964 0.919377 -2.89807e-13 0.346964 0.346964 0.0349066 0.261799 0.122173 0.122173 
7.95703 -0.0311012 -0.923937 0.381278 0.0511825 -0.382434 -0.922564 0.998205 -0.00917806 0.0591835 0.14281 -0.146864 -0.0117861 1.39626 -0.846523 0.0523548 0.170198 0.170198 0.513769 -0.349031 0.346939 0.346939 0.513769 -2.94028e-13 0.346939 0.346939 0.0349066 0.261799 0.122173 0.122173 
7.95701 -0.0311012 -0.923937 0.381278 0.0511825 -0.382434 -0.922564 0.998205 -0.00917806 0.0591835 0.14281 -0.146864 -0.0217861 1.39626 -0.846523 0.0523548 0.170196 0.170196 0.513769 -0.349031 0.346938 0.346938 0.513769 -2.94229e-13 0.346938 0.346938 0.0349066 0.261799 0.122173 0.122173 
6.28137 -0.0311012 -0.923937 0.381278 0.0511825 -0.382434 -0.922564 0.998205 -0.00917806 0.0591835 0.14281 -0.146864 -0.0317861 1.39626 -0.846522 0.0523548 0.170195 0.170195 0.513769 -0.349031 0.346937 0.346937 0.513769 -2.94527e-13 0.346937 0.346937 0.0349066 0.261799 0.122173 0.122173 
6.28105 0.0311012 0.923937 -0.381278 0.0511825 -0.382434 -0.922564 -0.998205 0.00917806 -0.0591835 -0.14281 -0.146864 0.0217861 1.39626 -0.846523 0.0523547 0.170149 0.170149 0.513768 -0.34903 0.346915 0.346915 0.513768 -2.97091e-13 0.346915 0.346915 0.0349066 0.261799 0.122173 0.122173 
7.77047 0.0311012 0.923937 -0.381278 0.0511825 -0.382434 -0.922564 -0.998205 0.00917806 -0.0591835 -0.14281 -0.156864 0.0117861 1.39626 -0.739497 0.0523547 0.170142 0.170142 0.378566 -0.34903 0.346911 0.346911 0.378566 -2.97841e-13 0.346911 0.346911 0.0349066 0.261799 0.122173 0.122173 
7.77046 0.0311012 0.923937 -0.381278 0.0511825 -0.382434 -0.922564 -0.998205 0.00917806 -0.0591835 -0.14281 -0.156864 0.0317861 1.39626 -0.739496 0.0523547 0.170138 0.170138 0.378565 -0.34903 0.34691 0.34691 0.378565 -2.98051e-13 0.34691 0.34691 0.0349066 0.261799 0.122173 0.122173 
7.95718 -0.998205 0.00917806 -0.0591835 0.0511825 -0.382434 -0.922564 -0.0311012 -0.923937 0.381278 0.0117861 -0.146864 0.14281 1.39626 -0.846524 0.0523547 0.170104 0.170104 0.513767 -0.34903 0.346893 0.346893 0.513767 -3.00201e-13 0.346893 0.346893 0.0349066 0.261799 0.122173 0.122173 
7.96024 0.998205 -0.00917806 0.0591835 0.0511825 -0.382434 -0.922564 0.0311012 0.923937 -0.381278 -0.0317861 -0.146864 -0.14281 1.39626 -0.846523 0.0523546 0.170052 0.170052 0.513766 -0.349029 0.346868 0.346868 0.513766 -3.04047e-13 0.346868 0.346868 0.0349066 0.261799 0.122173 0.122173 
0.0593002 0.998205 -0.00917806 0.0591835 0.0311012 0.923937 -0.381278 -0.0511825 0.382434 0.922564 -0.0217861 -0.16281 0.156864 1.39626 -1.0472 0.0523545 0.169902 0.169902 0.297442 -0.349028 0.346795 0.346795 0.175761 -3.12465e-13 0.346795 0.346795 0 0 0 0 
0.398656 -0.0511825 0.382434 0.922564 0.0311012 0.923937 -0.381278 -0.998205 0.00917806 -0.0591835 0.136864 -0.16281 0.0317861 1.39626 -0.980305 0.0523544 0.169824 0.169824 0.703041 -0.349028 0.346757 0.346757 0.932882 -3.16668e-13 0.346757 0.346757 0 0 0 0 
4.24596 -0.0511825 0.382434 0.922564 -0.0311012 -0.923937 0.381278 0.998205 -0.00917806 0.0591835 0.136864 0.14281 -0.0317861 1.39626 -0.980306 0.0523543 0.169777 0.169777 0.70304 -0.349027 0.346735 0.346735 0.93288 -3.19036e-13 0.346735 0.346735 0 0 0 0 
0.398656 -0.0511825 0.382434 0.922564 -0.0311012 -0.923937 0.381278 0.998205 -0.00917806 0.0591835 0.136864 0.16281 -0.0317861 1.39626 -0.980306 0.0523543 0.169777 0.169777 0.70304 -0.349027 0.346734 0.346734 0.93288 -3.19247e-13 0.346734 0.346734 0 0 0 0 
1.46409 -0.0511825 0.382434 0.922564 0.998205 -0.00917806 0.0591835 0.0311012 0.923937 -0.381278 0.136864 -0.0317861 -0.13281 1.39626 -0.993684 0.0523543 0.16973 0.16973 0.703039 -0.349027 0.346712 0.346712 0.919359 -3.23538e-13 0.346712 0.346712 0 0 0 0 
1.85827 -0.0511825 0.382434 0.922564 0.998205 -0.00917806 0.0591835 0.0311012 0.923937 -0.381278 0.136864 -0.0317861 -0.15281 1.39626 -0.993684 0.0523543 0.169729 0.169729 0.703039 -0.349027 0.346711 0.346711 0.919359 -3.23333e-13 0.346711 0.346711 0 0 0 0 
4.09668 -0.0511825 0.382434 0.922564 0.998205 -0.00917806 0.0591835 0.0311012 0.923937 -0.381278 0.136864 -0.0317861 -0.16281 1.39626 -0.980306 0.0523543 0.169729 0.169729 0.703039 -0.349027 0.346711 0.346711 0.932879 -3.2338e-13 0.346711 0.346711 0 0 0 0 
1.85827 -0.0511825 0.382434 0.922564 -0.998205 0.00917806 -0.0591835 -0.0311012 -0.923937 0.381278 0.136864 0.0317861 0.13281 1.39626 -0.993684 0.0523542 0.169683 0.169683 0.703038 -0.349026 0.346689 0.346689 0.919357 -3.27892e-13 0.346689 0.346689 0 0 0 0 
0.267615 -0.0511825 0.382434 0.922564 -0.998205 0.00917806 -0.0591835 -0.0311012 -0.923937 0.381278 0.136864 0.0317861 0.14281 1.39626 -0.980306 0.0523542 0.169682 0.169682 0.703038 -0.349026 0.346688 0.346688 0.932877 -3.27911e-13 0.346688 0.346688 0 0 0 0 
2.7222 -0.0511825 0.382434 0.922564 -0.998205 0.00917806 -0.0591835 -0.0311012 -0.923937 0.381278 0.136864 0.0317861 0.16281 1.39626 -0.980306 0.0523542 0.169682 0.169682 0.703038 -0.349026 0.346688 0.346688 0.932877 -3.27896e-13 0.346688 0.346688 0 0 0 0 
1.85827 -0.0511825 0.382434 0.922564 -0.998205 0.00917806 -0.0591835 -0.0311012 -0.923937 0.381278 0.136864 0.0317861 0.17281 1.39626 -0.993683 0.0523542 0.169681 0.169681 0.703038 -0.349026 0.346688 0.346688 0.919357 -3.27952e-13 0.346688 0.346688 0 0 0 0 
7.96282 -0.998205 0.00917806 -0.0591835 -0.0511825 0.382434 0.922564 0.0311012 0.923937 -0.381278 0.0117861 0.146864 -0.14281 1.39626 -0.846528 0.0523541 0.169629 0.169629 0.513757 -0.349026 0.346663 0.346663 0.513757 -3.31761e-13 0.346663 0.346663 0 0 0 0 
7.96282 -0.998205 0.00917806 -0.0591835 -0.0511825 0.382434 0.922564 0.0311012 0.923937 -0.381278 0.0317861 0.146864 -0.14281 1.39626 -0.846526 0.0523541 0.169625 0.169625 0.513757 -0.349026 0.346661 0.346661 0.513757 -3.32021e-13 0.346661 0.346661 0 0 0 0 
7.06485 -0.998205 0.00917806 -0.0591835 -0.0511825 0.382434 0.922564 0.0311012 0.923937 -0.381278 0.0117861 0.156864 -0.14281 1.39626 -0.739503 0.0523541 0.16962 0.16962 0.378558 -0.349026 0.346658 0.346658 0.378558 -3.32414e-13 0.346658 0.346658 0 0 0 0 
7.74977 0.998205 -0.00917806 0.0591835 -0.0511825 0.382434 0.922564 -0.0311012 -0.923937 0.381278 -0.0217861 0.146864 0.14281 1.39626 -0.846527 0.0523541 0.16958 0.16958 0.513756 -0.349026 0.346639 0.346639 0.513756 -3.35226e-13 0.346639 0.346639 0 0 0 0 
7.96578 0.998205 -0.00917806 0.0591835 -0.0511825 0.382434 0.922564 -0.0311012 -0.923937 0.381278 -0.0317861 0.146864 0.14281 1.39626 -0.846527 0.0523541 0.169578 0.169578 0.513756 -0.349026 0.346638 0.346638 0.513756 -3.35108e-13 0.346638 0.346638 0 0 0 0 
7.06821 0.998205 -0.00917806 0.0591835 -0.0511825 0.382434 0.922564 -0.0311012 -0.923937 0.381278 -0.0117861 0.156864 0.14281 1.39626 -0.739504 0.0523541 0.169572 0.169572 0.378557 -0.349026 0.346635 0.346635 0.378557 -3.35297e-13 0.346635 0.346635 0 0 0 0 
6.27658 0.0311012 0.923937 -0.381278 -0.0511825 0.382434 0.922564 0.998205 -0.00917806 0.0591835 -0.14281 0.146864 -0.0217861 1.39626 -0.846528 0.052354 0.169532 0.169532 0.513755 -0.349025 0.346616 0.346616 0.513755 -3.37778e-13 0.346616 0.346616 0 0 0 0 
7.93898 0.0311012 0.923937 -0.381278 -0.0511825 0.382434 0.922564 0.998205 -0.00917806 0.0591835 -0.14281 0.146864 -0.0317861 1.39626 -0.846527 0.052354 0.16953 0.16953 0.513755 -0.349025 0.346615 0.346615 0.513755 -3.37769e-13 0.346615 0.346615 0 0 0 0 
6.27603 -0.0311012 -0.923937 0.381278 -0.0511825 0.382434 0.922564 -0.998205 0.00917806 -0.0591835 0.14281 0.146864 0.0217861 1.39626 -0.846528 0.052354 0.169485 0.169485 0.513754 -0.349025 0.346593 0.346593 0.513754 -3.41573e-13 0.346593 0.346593 0 0 0 0 
7.18534 -0.0311012 -0.923937 0.381278 -0.0511825 0.382434 0.922564 -0.998205 0.00917806 -0.0591835 0.14281 0.156864 0.0217861 1.39626 -0.739504 0.052354 0.169475 0.169475 0.378556 -0.349025 0.346588 0.346588 0.378556 -3.42781e-13 0.346588 0.346588 0 0 0 0 
7.7734 -0.0311012 -0.923937 0.381278 -0.0511825 0.382434 0.922564 -0.998205 0.00917806 -0.0591835 0.14281 0.156864 0.0317861 1.39626 -0.739504 0.052354 0.169473 0.169473 0.378556 -0.349025 0.346587 0.346587 0.378556 -3.42716e-13 0.346587 0.346587 0 0 0 0 
1.90042 0.0511825 -0.382434 -0.922564 0.998205 -0.00917806 0.0591835 -0.0311012 -0.923937 0.381278 -0.136864 -0.0317861 0.13281 1.39626 -0.993685 0.0523537 0.169255 0.169255 0.703026 -0.349023 0.346481 0.346481 0.919342 -3.5525e-13 0.346481 0.346481 0 0 0 0 
4.17535 0.0511825 -0.382434 -0.922564 0.998205 -0.00917806 0.0591835 -0.0311012 -0.923937 0.381278 -0.136864 -0.0317861 0.14281 1.39626 -0.980307 0.0523537 0.169254 0.169254 0.703026 -0.349023 0.346481 0.346481 0.932861 -3.55312e-13 0.346481 0.346481 0 0 0 0 
3.30626 0.0511825 -0.382434 -0.922564 0.998205 -0.00917806 0.0591835 -0.0311012 -0.923937 0.381278 -0.136864 -0.0317861 0.15281 1.39626 -0.993685 0.0523537 0.169254 0.169254 0.703026 -0.349023 0.346481 0.346481 0.919342 -3.55293e-13 0.346481 0.346481 0 0 0 0 
2.81284 0.0511825 -0.382434 -0.922564 0.998205 -0.00917806 0.0591835 -0.0311012 -0.923937 0.381278 -0.136864 -0.0317861 0.16281 1.39626 -0.980307 0.0523537 0.169253 0.169253 0.703026 -0.349023 0.346481 0.346481 0.932861 -3.55349e-13 0.346481 0.346481 0 0 0 0 
1.90042 0.0511825 -0.382434 -0.922564 0.998205 -0.00917806 0.0591835 -0.0311012 -0.923937 0.381278 -0.136864 -0.0317861 0.17281 1.39626 -0.993684 0.0523537 0.169253 0.169253 0.703026 -0.349023 0.346481 0.346481 0.919342 -3.5525e-13 0.346481 0.346481 0 0 0 0 
1.85827 0.0511825 -0.382434 -0.922564 -0.998205 0.00917806 -0.0591835 0.0311012 0.923937 -0.381278 -0.136864 0.0317861 -0.13281 1.39626 -0.993685 0.0523537 0.169207 0.169207 0.703025 -0.349023 0.346458 0.346458 0.91934 -3.60266e-13 0.346458 0.346458 0 0 0 0 
0.792012 0.0511825 -0.382434 -0.922564 -0.998205 0.00917806 -0.0591835 0.0311012 0.923937 -0.381278 -0.136864 0.0317861 -0.14281 1.39626 -0.980307 0.0523537 0.169207 0.169207 0.703025 -0.349023 0.346458 0.346458 0.93286 -3.60357e-13 0.346458 0.346458 0 0 0 0 
3.23593 0.0511825 -0.382434 -0.922564 -0.0311012 -0.923937 0.381278 -0.998205 0.00917806 -0.0591835 -0.136864 0.13281 0.0317861 1.39626 -0.993685 0.0523536 0.169159 0.169159 0.703023 -0.349022 0.346435 0.346435 0.919338 -3.61857e-13 0.346435 0.346435 0 0 0 0 
1.85827 0.0511825 -0.382434 -0.922564 -0.0311012 -0.923937 0.381278 -0.998205 0.00917806 -0.0591835 -0.136864 0.15281 0.0317861 1.39626 -0.993685 0.0523536 0.169159 0.169159 0.703023 -0.349022 0.346435 0.346435 0.919338 -3.61819e-13 0.346435 0.346435 0 0 0 0 
1.46409 0.0511825 -0.382434 -0.922564 -0.0311012 -0.923937 0.381278 -0.998205 0.00917806 -0.0591835 -0.136864 0.17281 0.0317861 1.39626 -0.993684 0.0523536 0.169158 0.169158 0.703023 -0.349022 0.346434 0.346434 0.919338 -3.61768e-13 0.346434 0.346434 0 0 0 0 
0.398656 0.0511825 -0.382434 -0.922564 0.0311012 0.923937 -0.381278 0.998205 -0.00917806 0.0591835 -0.136864 -0.14281 -0.0317861 1.39626 -0.980308 0.0523535 0.169111 0.169111 0.703022 -0.349022 0.346412 0.346412 0.932856 -3.66787e-13 0.346412 0.346412 0 0 0 0 
0.0342669 0.0511825 -0.382434 -0.922564 0.0311012 0.923937 -0.381278 0.998205 -0.00917806 0.0591835 -0.136864 -0.16281 -0.0317861 1.39626 -0.980307 0.0523535 0.16911 0.16911 0.703022 -0.349022 0.346412 0.346412 0.932856 -3.66676e-13 0.346412 0.346412 0 0 0 0 
6.2734 -0.0311012 -0.923937 0.381278 0.0511825 -0.382434 -0.922564 0.998205 -0.00917806 0.0591835 0.14281 -0.146864 -0.0317861 1.39626 -0.846531 0.0523535 0.169054 0.169054 0.513746 -0.349021 0.346384 0.346384 0.513746 -3.70366e-13 0.346384 0.346384 0 0 0 0 
7.95585 -0.998205 0.00917806 -0.0591835 0.0511825 -0.382434 -0.922564 -0.0311012 -0.923937 0.381278 0.0117861 -0.146864 0.14281 1.39626 -0.846533 0.0523534 0.168962 0.168962 0.513744 -0.349021 0.34634 0.34634 0.513744 -3.76465e-13 0.34634 0.34634 0 0 0 0 
7.73961 -0.998205 0.00917806 -0.0591835 0.0511825 -0.382434 -0.922564 -0.0311012 -0.923937 0.381278 0.0217861 -0.146864 0.14281 1.39626 -0.846532 0.0523534 0.168961 0.168961 0.513744 -0.349021 0.346339 0.346339 0.513744 -3.76917e-13 0.346339 0.346339 0 0 0 0 
7.73961 -0.998205 0.00917806 -0.0591835 0.0511825 -0.382434 -0.922564 -0.0311012 -0.923937 0.381278 0.0317861 -0.146864 0.14281 1.39626 -0.846532 0.0523534 0.168959 0.168959 0.513744 -0.349021 0.346338 0.346338 0.513744 -3.77162e-13 0.346338 0.346338 0 0 0 0 
7.95893 0.998205 -0.00917806 0.0591835 0.0511825 -0.382434 -0.922564 0.0311012 0.923937 -0.381278 -0.0317861 -0.146864 -0.14281 1.39626 -0.846532 0.0523533 0.168911 0.168911 0.513743 -0.34902 0.346315 0.346315 0.513743 -3.80946e-13 0.346315 0.346315 0 0 0 0 
7.06067 0.998205 -0.00917806 0.0591835 0.0511825 -0.382434 -0.922564 0.0311012 0.923937 -0.381278 -0.0217861 -0.156864 -0.14281 1.39626 -0.739511 0.0523533 0.168903 0.168903 0.378547 -0.34902 0.346311 0.346311 0.378547 -3.80984e-13 0.346311 0.346311 0 0 0 0 
3.23593 -0.0511825 0.382434 0.922564 0.0311012 0.923937 -0.381278 -0.998205 0.00917806 -0.0591835 0.136864 -0.13281 0.0317861 1.39626 -0.993686 0.0523531 0.168682 0.168682 0.70301 -0.349018 0.346205 0.346205 0.919321 -3.93177e-13 0.346205 0.346205 0 0 0 0 
0.0342669 -0.0511825 0.382434 0.922564 0.0311012 0.923937 -0.381278 -0.998205 0.00917806 -0.0591835 0.136864 -0.14281 0.0317861 1.39626 -0.980309 0.0523531 0.168682 0.168682 0.70301 -0.349018 0.346204 0.346204 0.932841 -3.93242e-13 0.346204 0.346204 0 0 0 0 
0.454151 -0.0511825 0.382434 0.922564 0.0311012 0.923937 -0.381278 -0.998205 0.00917806 -0.0591835 0.136864 -0.15281 0.0317861 1.39626 -0.993686 0.0523531 0.168681 0.168681 0.70301 -0.349018 0.346204 0.346204 0.919321 -3.93387e-13 0.346204 0.346204 0 0 0 0 
0.398656 -0.0511825 0.382434 0.922564 0.0311012 0.923937 -0.381278 -0.998205 0.00917806 -0.0591835 0.136864 -0.16281 0.0317861 1.39626 -0.980308 0.0523531 0.168681 0.168681 0.70301 -0.349018 0.346204 0.346204 0.932841 -3.93418e-13 0.346204 0.346204 0 0 0 0 
1.51784 -0.0511825 0.382434 0.922564 0.0311012 0.923937 -0.381278 -0.998205 0.00917806 -0.0591835 0.136864 -0.17281 0.0317861 1.39626 -0.993685 0.0523531 0.168681 0.168681 0.70301 -0.349018 0.346204 0.346204 0.919321 -3.93291e-13 0.346204 0.346204 0 0 0 0 
0.454151 -0.0511825 0.382434 0.922564 -0.0311012 -0.923937 0.381278 0.998205 -0.00917806 0.0591835 0.136864 0.13281 -0.0317861 1.39626 -0.993686 0.052353 0.168634 0.168634 0.703009 -0.349018 0.346182 0.346182 0.919319 -3.96396e-13 0.346182 0.346182 0 0 0 0 
2.87326 -0.0511825 0.382434 0.922564 -0.0311012 -0.923937 0.381278 0.998205 -0.00917806 0.0591835 0.136864 0.14281 -0.0317861 1.39626 -0.980309 0.052353 0.168634 0.168634 0.703009 -0.349018 0.346181 0.346181 0.932839 -3.96458e-13 0.346181 0.346181 0 0 0 0 
0.454151 -0.0511825 0.382434 0.922564 -0.0311012 -0.923937 0.381278 0.998205 -0.00917806 0.0591835 0.136864 0.15281 -0.0317861 1.39626 -0.993686 0.052353 0.168634 0.168634 0.703009 -0.349018 0.346181 0.346181 0.919319 -3.96458e-13 0.346181 0.346181 0 0 0 0 
0.0342669 -0.0511825 0.382434 0.922564 -0.0311012 -0.923937 0.381278 0.998205 -0.00917806 0.0591835 0.136864 0.16281 -0.0317861 1.39626 -0.980309 0.052353 0.168633 0.168633 0.703009 -0.349018 0.346181 0.346181 0.932839 -3.96452e-13 0.346181 0.346181 0 0 0 0 
0.791035 -0.0511825 0.382434 0.922564 0.998205 -0.00917806 0.0591835 0.0311012 0.923937 -0.381278 0.136864 -0.0317861 -0.14281 1.39626 -0.980309 0.0523529 0.168586 0.168586 0.703008 -0.349018 0.346158 0.346158 0.932837 -3.9994e-13 0.346158 0.346158 0 0 0 0 
2.78823 -0.0511825 0.382434 0.922564 0.998205 -0.00917806 0.0591835 0.0311012 0.923937 -0.381278 0.136864 -0.0317861 -0.16281 1.39626 -0.980309 0.0523529 0.168585 0.168585 0.703008 -0.349018 0.346158 0.346158 0.932837 -4.00274e-13 0.346158 0.346158 0 0 0 0 
3.23593 -0.0511825 0.382434 0.922564 -0.998205 0.00917806 -0.0591835 -0.0311012 -0.923937 0.381278 0.136864 0.0317861 0.13281 1.39626 -0.993686 0.0523529 0.168539 0.168539 0.703006 -0.349017 0.346135 0.346135 0.919316 -4.04353e-13 0.346135 0.346135 0 0 0 0 
4.11979 -0.0511825 0.382434 0.922564 -0.998205 0.00917806 -0.0591835 -0.0311012 -0.923937 0.381278 0.136864 0.0317861 0.14281 1.39626 -0.980309 0.0523529 0.168538 0.168538 0.703006 -0.349017 0.346135 0.346135 0.932835 -4.04351e-13 0.346135 0.346135 0 0 0 0 
1.85827 -0.0511825 0.382434 0.922564 -0.998205 0.00917806 -0.0591835 -0.0311012 -0.923937 0.381278 0.136864 0.0317861 0.15281 1.39626 -0.993686 0.0523529 0.168538 0.168538 0.703006 -0.349017 0.346135 0.346135 0.919316 -4.04313e-13 0.346135 0.346135 0 0 0 0 
7.96153 -0.998205 0.00917806 -0.0591835 -0.0511825 0.382434 0.922564 0.0311012 0.923937 -0.381278 0.0217861 0.146864 -0.14281 1.39626 -0.846536 0.0523528 0.168483 0.168483 0.513734 -0.349017 0.346108 0.346108 0.513734 -4.08281e-13 0.346108 0.346108 0 0 0 0 
7.74847 0.998205 -0.00917806 0.0591835 -0.0511825 0.382434 0.922564 -0.0311012 -0.923937 0.381278 -0.0117861 0.146864 0.14281 1.39626 -0.846537 0.0523528 0.168437 0.168437 0.513733 -0.349017 0.346086 0.346086 0.513733 -4.11538e-13 0.346086 0.346086 0 0 0 0 
7.74847 0.998205 -0.00917806 0.0591835 -0.0511825 0.382434 0.922564 -0.0311012 -0.923937 0.381278 -0.0217861 0.146864 0.14281 1.39626 -0.846536 0.0523528 0.168435 0.168435 0.513733 -0.349017 0.346085 0.346085 0.513733 -4.11588e-13 0.346085 0.346085 0 0 0 0 
7.74847 0.998205 -0.00917806 0.0591835 -0.0511825 0.382434 0.922564 -0.0311012 -0.923937 0.381278 -0.0317861 0.146864 0.14281 1.39626 -0.846536 0.0523528 0.168433 0.168433 0.513733 -0.349017 0.346084 0.346084 0.513733 -4.11692e-13 0.346084 0.346084 0 0 0 0 
7.92458 0.0311012 0.923937 -0.381278 -0.0511825 0.382434 0.922564 0.998205 -0.00917806 0.0591835 -0.14281 0.146864 -0.0117861 1.39626 -0.846537 0.0523527 0.168389 0.168389 0.513732 -0.349016 0.346063 0.346063 0.513732 -4.13646e-13 0.346063 0.346063 0 0 0 0 
7.92456 0.0311012 0.923937 -0.381278 -0.0511825 0.382434 0.922564 0.998205 -0.00917806 0.0591835 -0.14281 0.146864 -0.0217861 1.39626 -0.846537 0.0523527 0.168387 0.168387 0.513732 -0.349016 0.346062 0.346062 0.513732 -4.13628e-13 0.346062 0.346062 0 0 0 0 
7.92454 0.0311012 0.923937 -0.381278 -0.0511825 0.382434 0.922564 0.998205 -0.00917806 0.0591835 -0.14281 0.146864 -0.0317861 1.39626 -0.846536 0.0523527 0.168385 0.168385 0.513732 -0.349016 0.346061 0.346061 0.513732 -4.13741e-13 0.346061 0.346061 0 0 0 0 
6.26787 -0.0311012 -0.923937 0.381278 -0.0511825 0.382434 0.922564 -0.998205 0.00917806 -0.0591835 0.14281 0.146864 0.0217861 1.39626 -0.846537 0.0523527 0.168339 0.168339 0.513731 -0.349016 0.346039 0.346039 0.513731 -4.1784e-13 0.346039 0.346039 0 0 0 0 
7.77287 -0.0311012 -0.923937 0.381278 -0.0511825 0.382434 0.922564 -0.998205 0.00917806 -0.0591835 0.14281 0.156864 0.0217861 1.39626 -0.739518 0.0523526 0.16833 0.16833 0.378539 -0.349016 0.346035 0.346035 0.378539 -4.18699e-13 0.346035 0.346035 0 0 0 0 
1.90042 0.0511825 -0.382434 -0.922564 -0.998205 0.00917806 -0.0591835 0.0311012 0.923937 -0.381278 -0.136864 0.0317861 -0.13281 1.39626 -0.993687 0.0523523 0.16806 0.16806 0.702993 -0.349014 0.345905 0.345905 0.919299 -4.39142e-13 0.345905 0.345905 0 0 0 0 
1.85827 0.0511825 -0.382434 -0.922564 -0.998205 0.00917806 -0.0591835 0.0311012 0.923937 -0.381278 -0.136864 0.0317861 -0.15281 1.39626 -0.993687 0.0523523 0.168059 0.168059 0.702993 -0.349014 0.345904 0.345904 0.919299 -4.39266e-13 0.345904 0.345904 0 0 0 0 
0.819865 0.0511825 -0.382434 -0.922564 -0.998205 0.00917806 -0.0591835 0.0311012 0.923937 -0.381278 -0.136864 0.0317861 -0.16281 1.39626 -0.98031 0.0523523 0.168059 0.168059 0.702993 -0.349014 0.345904 0.345904 0.932818 -4.39274e-13 0.345904 0.345904 0 0 0 0 
3.30626 0.0511825 -0.382434 -0.922564 -0.998205 0.00917806 -0.0591835 0.0311012 0.923937 -0.381278 -0.136864 0.0317861 -0.17281 1.39626 -0.993687 0.0523523 0.168058 0.168058 0.702993 -0.349014 0.345904 0.345904 0.919299 -4.3924e-13 0.345904 0.345904 0 0 0 0 
3.23593 0.0511825 -0.382434 -0.922564 -0.0311012 -0.923937 0.381278 -0.998205 0.00917806 -0.0591835 -0.136864 0.13281 0.0317861 1.39626 -0.993687 0.0523523 0.168012 0.168012 0.702992 -0.349013 0.345881 0.345881 0.919297 -4.44086e-13 0.345881 0.345881 0 0 0 0 
0.98087 0.0511825 -0.382434 -0.922564 -0.0311012 -0.923937 0.381278 -0.998205 0.00917806 -0.0591835 -0.136864 0.14281 0.0317861 1.39626 -0.98031 0.0523523 0.168011 0.168011 0.702992 -0.349013 0.345881 0.345881 0.932816 -4.44114e-13 0.345881 0.345881 0 0 0 0 
0.0342669 0.0511825 -0.382434 -0.922564 -0.0311012 -0.923937 0.381278 -0.998205 0.00917806 -0.0591835 -0.136864 0.16281 0.0317861 1.39626 -0.98031 0.0523523 0.168011 0.168011 0.702992 -0.349013 0.345881 0.345881 0.932816 -4.44344e-13 0.345881 0.345881 0 0 0 0 
3.23593 0.0511825 -0.382434 -0.922564 -0.0311012 -0.923937 0.381278 -0.998205 0.00917806 -0.0591835 -0.136864 0.17281 0.0317861 1.39626 -0.993687 0.0523523 0.16801 0.16801 0.702992 -0.349013 0.345881 0.345881 0.919297 -4.44392e-13 0.345881 0.345881 0 0 0 0 
0.398656 0.0511825 -0.382434 -0.922564 0.0311012 0.923937 -0.381278 0.998205 -0.00917806 0.0591835 -0.136864 -0.14281 -0.0317861 1.39626 -0.980311 0.0523522 0.167963 0.167963 0.702991 -0.349013 0.345858 0.345858 0.932815 -4.49372e-13 0.345858 0.345858 0 0 0 0 
0.398656 0.0511825 -0.382434 -0.922564 0.0311012 0.923937 -0.381278 0.998205 -0.00917806 0.0591835 -0.136864 -0.16281 -0.0317861 1.39626 -0.98031 0.0523522 0.167963 0.167963 0.702991 -0.349013 0.345858 0.345858 0.932815 -4.49332e-13 0.345858 0.345858 0 0 0 0 
7.9284 -0.0311012 -0.923937 0.381278 0.0511825 -0.382434 -0.922564 0.998205 -0.00917806 0.0591835 0.14281 -0.146864 -0.0317861 1.39626 -0.84654 0.0523522 0.167906 0.167906 0.513723 -0.349012 0.34583 0.34583 0.513723 -4.54216e-13 0.34583 0.34583 0 0 0 0 
7.77105 -0.0311012 -0.923937 0.381278 0.0511825 -0.382434 -0.922564 0.998205 -0.00917806 0.0591835 0.14281 -0.156864 -0.0117861 1.39626 -0.739524 0.0523522 0.1679 0.1679 0.378533 -0.349012 0.345828 0.345828 0.378533 -4.54366e-13 0.345828 0.345828 0 0 0 0 
7.76935 0.0311012 0.923937 -0.381278 0.0511825 -0.382434 -0.922564 -0.998205 0.00917806 -0.0591835 -0.14281 -0.156864 0.0117861 1.39626 -0.739524 0.0523521 0.167852 0.167852 0.378532 -0.349012 0.345805 0.345805 0.378532 -4.58846e-13 0.345805 0.345805 0 0 0 0 
7.0595 0.998205 -0.00917806 0.0591835 0.0511825 -0.382434 -0.922564 0.0311012 0.923937 -0.381278 -0.0117861 -0.156864 -0.14281 1.39626 -0.739525 0.052352 0.167756 0.167756 0.37853 -0.349011 0.345758 0.345758 0.37853 -4.67083e-13 0.345758 0.345758 0 0 0 0 
1.46409 -0.0511825 0.382434 0.922564 0.0311012 0.923937 -0.381278 -0.998205 0.00917806 -0.0591835 0.136864 -0.13281 0.0317861 1.39626 -0.993688 0.0523517 0.167531 0.167531 0.702979 -0.349009 0.34565 0.34565 0.91928 -4.78255e-13 0.34565 0.34565 0 0 0 0 
0.0342669 -0.0511825 0.382434 0.922564 0.0311012 0.923937 -0.381278 -0.998205 0.00917806 -0.0591835 0.136864 -0.14281 0.0317861 1.39626 -0.980312 0.0523517 0.167531 0.167531 0.702979 -0.349009 0.34565 0.34565 0.932799 -4.78367e-13 0.34565 0.34565 0 0 0 0 
1.46409 -0.0511825 0.382434 0.922564 0.0311012 0.923937 -0.381278 -0.998205 0.00917806 -0.0591835 0.136864 -0.15281 0.0317861 1.39626 -0.993688 0.0523517 0.16753 0.16753 0.702979 -0.349009 0.34565 0.34565 0.91928 -4.78287e-13 0.34565 0.34565 0 0 0 0 
0.454151 -0.0511825 0.382434 0.922564 0.0311012 0.923937 -0.381278 -0.998205 0.00917806 -0.0591835 0.136864 -0.17281 0.0317861 1.39626 -0.993688 0.0523517 0.16753 0.16753 0.702979 -0.349009 0.34565 0.34565 0.91928 -4.78302e-13 0.34565 0.34565 0 0 0 0 
1.98742 -0.0511825 0.382434 0.922564 -0.0311012 -0.923937 0.381278 0.998205 -0.00917806 0.0591835 0.136864 0.14281 -0.0317861 1.39626 -0.980312 0.0523517 0.167483 0.167483 0.702978 -0.349009 0.345627 0.345627 0.932797 -4.81893e-13 0.345627 0.345627 0 0 0 0 
0.454151 -0.0511825 0.382434 0.922564 -0.0311012 -0.923937 0.381278 0.998205 -0.00917806 0.0591835 0.136864 0.15281 -0.0317861 1.39626 -0.993688 0.0523517 0.167482 0.167482 0.702978 -0.349009 0.345627 0.345627 0.919278 -4.81894e-13 0.345627 0.345627 0 0 0 0 
2.87326 -0.0511825 0.382434 0.922564 -0.0311012 -0.923937 0.381278 0.998205 -0.00917806 0.0591835 0.136864 0.16281 -0.0317861 1.39626 -0.980312 0.0523517 0.167482 0.167482 0.702978 -0.349009 0.345627 0.345627 0.932797 -4.81983e-13 0.345627 0.345627 0 0 0 0 
0.454151 -0.0511825 0.382434 0.922564 0.998205 -0.00917806 0.0591835 0.0311012 0.923937 -0.381278 0.136864 -0.0317861 -0.13281 1.39626 -0.993689 0.0523516 0.167435 0.167435 0.702976 -0.349009 0.345604 0.345604 0.919277 -4.86169e-13 0.345604 0.345604 0 0 0 0 
1.95198 -0.0511825 0.382434 0.922564 0.998205 -0.00917806 0.0591835 0.0311012 0.923937 -0.381278 0.136864 -0.0317861 -0.14281 1.39626 -0.980312 0.0523516 0.167435 0.167435 0.702976 -0.349009 0.345604 0.345604 0.932796 -4.86386e-13 0.345604 0.345604 0 0 0 0 
1.85827 -0.0511825 0.382434 0.922564 -0.998205 0.00917806 -0.0591835 -0.0311012 -0.923937 0.381278 0.136864 0.0317861 0.13281 1.39626 -0.993689 0.0523516 0.167387 0.167387 0.702975 -0.349008 0.345581 0.345581 0.919275 -4.91754e-13 0.345581 0.345581 0 0 0 0 
0.342887 -0.0511825 0.382434 0.922564 -0.998205 0.00917806 -0.0591835 -0.0311012 -0.923937 0.381278 0.136864 0.0317861 0.14281 1.39626 -0.980312 0.0523516 0.167386 0.167386 0.702975 -0.349008 0.345581 0.345581 0.932794 -4.91956e-13 0.345581 0.345581 0 0 0 0 
1.93489 -0.0511825 0.382434 0.922564 -0.998205 0.00917806 -0.0591835 -0.0311012 -0.923937 0.381278 0.136864 0.0317861 0.16281 1.39626 -0.980312 0.0523516 0.167386 0.167386 0.702975 -0.349008 0.345581 0.345581 0.932794 -4.91996e-13 0.345581 0.345581 0 0 0 0 
3.23593 -0.0511825 0.382434 0.922564 -0.998205 0.00917806 -0.0591835 -0.0311012 -0.923937 0.381278 0.136864 0.0317861 0.17281 1.39626 -0.993688 0.0523516 0.167385 0.167385 0.702975 -0.349008 0.34558 0.34558 0.919275 -4.92048e-13 0.34558 0.34558 0 0 0 0 
7.74408 -0.998205 0.00917806 -0.0591835 -0.0511825 0.382434 0.922564 0.0311012 0.923937 -0.381278 0.0117861 0.146864 -0.14281 1.39626 -0.846546 0.0523515 0.167332 0.167332 0.513711 -0.349008 0.345555 0.345555 0.513711 -4.96709e-13 0.345555 0.345555 0 0 0 0 
7.96323 0.998205 -0.00917806 0.0591835 -0.0511825 0.382434 0.922564 -0.0311012 -0.923937 0.381278 -0.0317861 0.146864 0.14281 1.39626 -0.846545 0.0523515 0.16728 0.16728 0.51371 -0.349007 0.34553 0.34553 0.51371 -5.01413e-13 0.34553 0.34553 0 0 0 0 
7.60405 0.998205 -0.00917806 0.0591835 -0.0511825 0.382434 0.922564 -0.0311012 -0.923937 0.381278 -0.0317861 0.156864 0.14281 1.39626 -0.73953 0.0523514 0.167271 0.167271 0.378523 -0.349007 0.345526 0.345526 0.378523 -5.02125e-13 0.345526 0.345526 0 0 0 0 
7.90415 -0.0311012 -0.923937 0.381278 -0.0511825 0.382434 0.922564 -0.998205 0.00917806 -0.0591835 0.14281 0.146864 0.0117861 1.39626 -0.846547 0.0523513 0.167188 0.167188 0.513709 -0.349007 0.345486 0.345486 0.513709 -5.07404e-13 0.345486 0.345486 0 0 0 0 
6.25961 -0.0311012 -0.923937 0.381278 -0.0511825 0.382434 0.922564 -0.998205 0.00917806 -0.0591835 0.14281 0.146864 0.0217861 1.39626 -0.846546 0.0523513 0.167186 0.167186 0.513709 -0.349007 0.345485 0.345485 0.513709 -5.07416e-13 0.345485 0.345485 0 0 0 0 
7.90411 -0.0311012 -0.923937 0.381278 -0.0511825 0.382434 0.922564 -0.998205 0.00917806 -0.0591835 0.14281 0.146864 0.0317861 1.39626 -0.846545 0.0523513 0.167184 0.167184 0.513709 -0.349007 0.345484 0.345484 0.513709 -5.07316e-13 0.345484 0.345484 0 0 0 0 
7.77233 -0.0311012 -0.923937 0.381278 -0.0511825 0.382434 0.922564 -0.998205 0.00917806 -0.0591835 0.14281 0.156864 0.0217861 1.39626 -0.739532 0.0523513 0.167176 0.167176 0.378522 -0.349007 0.34548 0.34548 0.378522 -5.08033e-13 0.34548 0.34548 0 0 0 0 
0.0593002 0.0311012 0.923937 -0.381278 0.998205 -0.00917806 0.0591835 0.0511825 -0.382434 -0.922564 -0.16281 -0.0217861 -0.156864 1.39626 -1.0472 0.0523511 0.166983 0.166983 0.297408 -0.349005 0.345387 0.345387 0.175741 -5.16641e-13 0.345387 0.345387 0 0 0 0 
3.23593 0.0511825 -0.382434 -0.922564 0.998205 -0.00917806 0.0591835 -0.0311012 -0.923937 0.381278 -0.136864 -0.0317861 0.13281 1.39626 -0.99369 0.0523511 0.166953 0.166953 0.702963 -0.349005 0.345373 0.345373 0.91926 -5.20061e-13 0.345373 0.345373 0 0 0 0 
0.98087 0.0511825 -0.382434 -0.922564 0.998205 -0.00917806 0.0591835 -0.0311012 -0.923937 0.381278 -0.136864 -0.0317861 0.16281 1.39626 -0.980313 0.0523511 0.166952 0.166952 0.702963 -0.349005 0.345373 0.345373 0.932778 -5.20155e-13 0.345373 0.345373 0 0 0 0 
0.398656 0.0511825 -0.382434 -0.922564 -0.998205 0.00917806 -0.0591835 0.0311012 0.923937 -0.381278 -0.136864 0.0317861 -0.14281 1.39626 -0.980313 0.052351 0.166904 0.166904 0.702962 -0.349004 0.34535 0.34535 0.932777 -5.24102e-13 0.34535 0.34535 0 0 0 0 
1.98742 0.0511825 -0.382434 -0.922564 -0.998205 0.00917806 -0.0591835 0.0311012 0.923937 -0.381278 -0.136864 0.0317861 -0.16281 1.39626 -0.980313 0.052351 0.166903 0.166903 0.702962 -0.349004 0.345349 0.345349 0.932777 -5.24115e-13 0.345349 0.345349 0 0 0 0 
0.4878 0.0511825 -0.382434 -0.922564 -0.998205 0.00917806 -0.0591835 0.0311012 0.923937 -0.381278 -0.136864 0.0317861 -0.17281 1.39626 -0.993689 0.052351 0.166903 0.166903 0.702962 -0.349004 0.345349 0.345349 0.919258 -5.23994e-13 0.345349 0.345349 0 0 0 0 
1.85827 0.0511825 -0.382434 -0.922564 -0.0311012 -0.923937 0.381278 -0.998205 0.00917806 -0.0591835 -0.136864 0.13281 0.0317861 1.39626 -0.99369 0.052351 0.166856 0.166856 0.702961 -0.349004 0.345327 0.345327 0.919256 -5.28075e-13 0.345327 0.345327 0 0 0 0 
4.24596 0.0511825 -0.382434 -0.922564 -0.0311012 -0.923937 0.381278 -0.998205 0.00917806 -0.0591835 -0.136864 0.14281 0.0317861 1.39626 -0.980313 0.052351 0.166856 0.166856 0.702961 -0.349004 0.345327 0.345327 0.932775 -5.28208e-13 0.345327 0.345327 0 0 0 0 
1.85827 0.0511825 -0.382434 -0.922564 -0.0311012 -0.923937 0.381278 -0.998205 0.00917806 -0.0591835 -0.136864 0.17281 0.0317861 1.39626 -0.993689 0.052351 0.166855 0.166855 0.702961 -0.349004 0.345326 0.345326 0.919256 -5.28316e-13 0.345326 0.345326 0 0 0 0 
0.454151 0.0511825 -0.382434 -0.922564 0.0311012 0.923937 -0.381278 0.998205 -0.00917806 0.0591835 -0.136864 -0.13281 -0.0317861 1.39626 -0.99369 0.0523509 0.166808 0.166808 0.702959 -0.349004 0.345304 0.345304 0.919255 -5.33054e-13 0.345304 0.345304 0 0 0 0 
0.0342669 0.0511825 -0.382434 -0.922564 0.0311012 0.923937 -0.381278 0.998205 -0.00917806 0.0591835 -0.136864 -0.14281 -0.0317861 1.39626 -0.980314 0.0523509 0.166807 0.166807 0.702959 -0.349004 0.345304 0.345304 0.932773 -5.33187e-13 0.345304 0.345304 0 0 0 0 
0.454151 0.0511825 -0.382434 -0.922564 0.0311012 0.923937 -0.381278 0.998205 -0.00917806 0.0591835 -0.136864 -0.15281 -0.0317861 1.39626 -0.99369 0.0523509 0.166807 0.166807 0.702959 -0.349004 0.345303 0.345303 0.919255 -5.33233e-13 0.345303 0.345303 0 0 0 0 
4.24596 0.0511825 -0.382434 -0.922564 0.0311012 0.923937 -0.381278 0.998205 -0.00917806 0.0591835 -0.136864 -0.16281 -0.0317861 1.39626 -0.980313 0.0523509 0.166807 0.166807 0.702959 -0.349004 0.345303 0.345303 0.932773 -5.33109e-13 0.345303 0.345303 0 0 0 0 
1.85827 0.0511825 -0.382434 -0.922564 0.0311012 0.923937 -0.381278 0.998205 -0.00917806 0.0591835 -0.136864 -0.17281 -0.0317861 1.39626 -0.993689 0.0523509 0.166806 0.166806 0.702959 -0.349004 0.345303 0.345303 0.919255 -5.33276e-13 0.345303 0.345303 0 0 0 0 
6.25721 -0.0311012 -0.923937 0.381278 0.0511825 -0.382434 -0.922564 0.998205 -0.00917806 0.0591835 0.14281 -0.146864 -0.0117861 1.39626 -0.84655 0.0523509 0.166753 0.166753 0.5137 -0.349003 0.345278 0.345278 0.5137 -5.35977e-13 0.345278 0.345278 0 0 0 0 
6.25718 -0.0311012 -0.923937 0.381278 0.0511825 -0.382434 -0.922564 0.998205 -0.00917806 0.0591835 0.14281 -0.146864 -0.0317861 1.39626 -0.846549 0.0523508 0.166749 0.166749 0.5137 -0.349003 0.345276 0.345276 0.5137 -5.36579e-13 0.345276 0.345276 0 0 0 0 
7.18401 -0.0311012 -0.923937 0.381278 0.0511825 -0.382434 -0.922564 0.998205 -0.00917806 0.0591835 0.14281 -0.156864 -0.0117861 1.39626 -0.739537 0.0523508 0.166744 0.166744 0.378516 -0.349003 0.345273 0.345273 0.378516 -5.36431e-13 0.345273 0.345273 0 0 0 0 
7.77049 -0.0311012 -0.923937 0.381278 0.0511825 -0.382434 -0.922564 0.998205 -0.00917806 0.0591835 0.14281 -0.156864 -0.0217861 1.39626 -0.739537 0.0523508 0.166742 0.166742 0.378516 -0.349003 0.345272 0.345272 0.378516 -5.36733e-13 0.345272 0.345272 0 0 0 0 
7.18401 -0.0311012 -0.923937 0.381278 0.0511825 -0.382434 -0.922564 0.998205 -0.00917806 0.0591835 0.14281 -0.156864 -0.0317861 1.39626 -0.739536 0.0523508 0.16674 0.16674 0.378516 -0.349003 0.345271 0.345271 0.378516 -5.36762e-13 0.345271 0.345271 0 0 0 0 
7.90822 0.0311012 0.923937 -0.381278 0.0511825 -0.382434 -0.922564 -0.998205 0.00917806 -0.0591835 -0.14281 -0.146864 0.0317861 1.39626 -0.846549 0.0523508 0.166701 0.166701 0.513699 -0.349003 0.345253 0.345253 0.513699 -5.39857e-13 0.345253 0.345253 0 0 0 0 
7.95626 0.998205 -0.00917806 0.0591835 0.0511825 -0.382434 -0.922564 0.0311012 0.923937 -0.381278 -0.0217861 -0.146864 -0.14281 1.39626 -0.84655 0.0523507 0.166606 0.166606 0.513697 -0.349002 0.345207 0.345207 0.513697 -5.45271e-13 0.345207 0.345207 0 0 0 0 
7.05831 0.998205 -0.00917806 0.0591835 0.0511825 -0.382434 -0.922564 0.0311012 0.923937 -0.381278 -0.0217861 -0.156864 -0.14281 1.39626 -0.739538 0.0523507 0.166597 0.166597 0.378514 -0.349002 0.345203 0.345203 0.378514 -5.4657e-13 0.345203 0.345203 0 0 0 0 
