1  0.000000  0.000000  0.026907  1.590581  10.627212  0.000000  0.000000  0.077913  3.018319  9.659068  0.000000  0.000000  0.000000  0.000000  0.567400  0.000000  0.000000  0.000000  0.000000  0.432600  0.000000  0.000000  0.000000  0.000000  0.000000 
1  0.000000  0.000000  1.109268  6.128846  6.500386  0.000000  0.000000  1.077092  1.019174  0.165234  0.000000  0.000000  0.000000  0.000000  0.000000  0.000000  0.329972  5.466002  3.865626  0.000000  0.000000  0.078048  0.764838  0.495514  0.000000 
1  0.000000  0.000000  0.118336  10.560485  16.838879  0.000000  0.000000  0.487584  3.731875  5.262841  0.000000  0.000000  0.000000  0.000000  0.000000  0.000000  0.000000  0.000000  0.000000  0.000000  0.000000  0.000000  0.000000  0.000000  0.000000 
1  0.000000  0.000000  0.000000  0.000000  0.000000  0.000000  0.000000  0.000000  0.000000  0.062700  0.110383  9.345792  8.069196  0.436030  1.572100  0.049797  7.434128  10.352849  1.190126  1.365200  0.000000  0.000000  0.006416  0.005284  0.000000 
1  0.000000  0.000000  0.012170  11.105859  6.891971  0.000000  0.000000  0.003270  1.026181  0.960549  0.000000  0.000000  0.163440  0.136060  0.000000  0.000000  0.000000  0.968060  0.732440  0.000000  0.000000  0.000000  0.000000  0.000000  0.000000 
1  0.000000  0.007942  0.477577  1.990382  0.032098  0.000000  0.543044  1.464357  0.439838  0.003762  0.342968  0.293647  0.021786  1.011001  1.157499  3.599856  2.211644  0.016266  1.332248  1.555886  0.303516  0.904404  7.882614  16.191911  20.215755 
-1  0.000000  0.000000  0.000000  0.000000  0.000000  0.000000  0.000000  0.000000  0.000000  0.949800  0.513681  2.763257  2.363086  0.012876  1.050200  12.120995  29.699237  13.955284  0.024384  0.000000  2.883244  4.170886  0.493070  0.000000  0.000000 
1  0.000000  0.000000  0.000000  0.000000  0.000000  0.000000  0.002971  0.020129  0.000000  0.000000  0.465507  2.022139  2.902447  0.271807  0.000000  6.610319  15.564079  7.713429  0.396173  0.000000  0.432214  0.524170  0.074616  0.000000  0.000000 
-1  0.000000  0.000000  0.000000  1.431001  1.334199  0.000000  0.433916  1.001508  0.235076  0.119301  0.000000  5.484496  6.233300  0.707904  0.000000  0.000000  0.011668  0.007632  0.000000  0.000000  13.000000  0.000000  0.000000  0.000000  0.000000 
-1  0.000000  0.006360  0.775203  0.399055  0.484782  0.000000  3.773199  24.427989  24.897503  23.041409  0.000000  7.000892  17.100478  9.644758  6.026973  0.000000  0.165129  0.107771  1.597924  1.550576  0.000000  0.000000  0.000000  0.000000  0.000000 
-1  0.000000  0.000000  0.000000  0.000000  0.000000  0.000000  3.857119  10.974743  6.078338  0.000000  0.405608  17.882538  31.695139  12.108415  0.000000  0.480412  7.535823  6.720278  1.261587  0.000000  0.000000  0.000000  0.000000  0.000000  0.000000 
-1  0.000000  0.000000  0.000000  0.000000  0.000000  0.000000  1.600146  4.181780  0.179973  0.000000  0.000000  3.671774  9.001158  1.351969  0.000000  0.000000  0.000000  0.004362  0.008838  0.000000  0.000000  0.000000  0.000000  0.000000  0.000000 
-1  0.000000  0.000000  0.000000  0.000000  0.000000  0.000000  5.097866  15.350739  12.154545  2.417950  0.000000  8.032474  22.972441  22.832778  4.320607  0.000000  0.000000  0.000000  0.034017  0.786583  0.000000  0.000000  0.000000  0.000000  0.000000 
-1  0.000000  0.000000  1.469502  8.566075  4.810723  0.000000  0.000000  1.000658  2.503465  0.649577  0.000000  0.000000  0.000000  0.000000  3.451800  0.037963  0.271598  0.148640  0.000000  3.544200  0.152517  0.963802  2.170040  1.255440  9.004000 
-1  0.000000  0.000000  0.000000  0.000000  0.000000  0.000000  1.174484  0.860416  0.103188  0.468412  0.476515  10.983616  23.441736  26.572385  20.174447  4.018585  14.027980  17.670787  16.987747  7.039700  0.000000  0.000000  0.000000  0.000000  0.000000 
1  0.000000  0.000000  0.000000  0.000000  0.000000  0.000000  0.000000  0.000000  0.000000  0.207600  0.000000  0.000000  0.000000  0.006958  3.128442  0.000000  0.000000  0.000000  1.178296  3.134804  0.000000  0.000000  0.000000  0.067187  0.276713 
1  0.000000  0.000000  0.000000  0.082135  0.305164  0.000000  6.550657  28.930120  44.094338  31.776085  0.611527  16.013886  21.409707  13.568495  9.097985  1.795693  15.656077  16.366161  3.327884  0.354686  0.000000  0.000000  0.034352  0.025048  0.000000 
-1  0.000000  0.000000  0.000000  0.000000  0.000000  0.000000  0.000000  0.530045  4.967426  1.812130  0.000000  1.788220  15.305753  44.004450  28.362677  0.000000  2.262238  8.925505  22.771004  37.252353  0.000000  0.005722  0.012478  0.000000  0.000000 
-1  0.000000  0.021944  0.484475  0.165281  0.055900  0.000000  3.275185  27.848044  18.985827  21.856844  0.000000  0.594671  23.256146  24.098199  15.527683  0.000000  2.279049  7.723739  4.313819  40.752793  58.115740  86.534331  52.528935  2.010994  3.570400 
1  0.000000  0.000000  0.000000  0.767814  0.073386  0.000000  0.000000  0.000000  0.144946  0.817154  0.000000  0.000000  0.000000  0.000000  3.196700  0.000000  0.000000  0.000000  0.000000  0.000000  0.000000  0.000000  0.000000  0.000000  0.000000 
1  0.000000  0.000000  0.000000  0.000000  0.000000  0.000000  0.259014  0.129486  0.000000  0.000000  0.000000  5.040897  8.192805  2.650798  0.000000  0.000000  1.600209  2.871649  3.433936  2.021806  0.000000  0.000000  0.000000  1.447146  1.352254 
1  0.000000  0.000000  0.187704  7.908963  7.863133  0.000000  0.000000  0.060816  0.732397  0.246987  0.000000  0.000000  0.000000  0.000000  2.924300  0.000000  0.000000  0.484993  0.726607  7.075700  2.749420  10.505540  6.079407  2.454033  0.000000 
1  0.000000  0.024245  5.371470  11.730042  6.741744  0.000000  0.904205  19.662239  20.901669  4.954387  0.000000  0.000951  2.362250  3.919049  0.427749  0.000000  0.000000  0.000000  0.000000  0.000000  0.000000  0.000000  0.000000  0.000000  0.000000 
-1  0.000000  0.000000  0.000000  0.000000  0.000000  0.000000  5.171006  12.484622  6.599362  3.725910  0.587518  31.585721  68.767679  49.515901  16.813981  3.041084  18.085269  19.098895  8.630963  2.171789  0.141578  0.484325  0.076004  0.018394  0.000000 
-1  0.000000  0.000000  0.000000  0.000000  0.000000  0.000000  0.000000  0.000000  0.000000  0.581700  1.531968  10.339731  12.043425  3.341676  0.418300  19.607232  67.249568  70.781895  22.688405  1.264000  7.385640  20.029401  13.641460  3.359599  1.736000 
1  0.000000  0.000000  0.000000  0.000000  0.000000  0.000000  0.000000  0.000000  0.000000  0.000000  0.000000  0.000000  0.000000  4.072290  1.548210  0.000000  0.000000  0.000000  1.568250  0.811250  0.000000  0.000000  0.000000  0.000000  0.000000 
1  0.000000  0.000000  5.671220  5.324214  0.038466  0.000000  0.000000  6.563640  7.324646  0.077814  0.000000  0.000000  0.000000  0.000000  2.783500  0.000000  0.000000  0.000000  0.000000  1.216500  0.000000  0.000000  0.000000  0.000000  0.000000 
-1  0.000000  0.000000  0.000000  0.000000  0.000000  0.000000  0.000000  0.000000  0.000000  0.000000  0.154250  0.779205  2.767725  4.520730  0.402090  1.385930  8.731724  14.195245  11.732230  1.066670  0.000000  0.141811  0.122389  0.000000  0.000000 
-1  0.000000  0.000000  0.000000  0.000000  0.000000  0.000000  0.000000  0.053091  0.247811  0.018599  0.000000  0.381540  9.782349  16.171591  4.551421  1.710128  23.573900  33.243892  9.499799  2.561381  0.575232  3.349060  1.280208  0.000000  0.000000 
-1 0.175972 0.405948 0 0 0 0.343959 1.07412 0 0 0 0 0 0 0 0 0 0 0 0 0 0 0 0 0 0
-1 0.175972 0.405948 0 0 0 0.343959 1.07412 0 0 0 0 0 0 0 0 0 0 0 0 0 0 0 0 0 0
-1 0 0 0 0 0 0 0 0 0 0 0.430706 0 0 0 0 0.569294 0 0 0 0 0 0 0 0 0
-1 0.175972 0.405948 0 0 0 0.343959 1.07412 0 0 0 0 0 0 0 0 0 0 0 0 0 0 0 0 0 0
-1 0 0 0 0 0 0 0 0 0 0 7.17238 14.3944 0.828718 0 0 6.65565 16.2433 0.705543 0 0 0 0 0 0 0
-1 0 0 0 0 0 0 0 0 0 0 4.86019 0.831288 0.016098 0 0 1.03801 1.22642 0.0279941 0 0 0 0 0 0 0
1 0 0 0 0 0 0 0 0 0 0 2.3367 0.0792712 0 0 0 9.29841 0.285624 0 0 0 0 0 0 0 0
-1 6.53972 0.117584 0 0 0 2.27518 0.0982244 0 0 0 11.0979 0.537697 0 0 0 3.71258 0.621106 0 0 0 0 0 0 0 0
-1 0 0 0 0 0 0.373642 0.288658 0 0 0 2.87613 4.70259 0.394836 0 0 21.5556 22.7991 0.469828 0 0 3.78748 3.69356 0.0585963 0 0
