-1  0.000000  0.000000  0.000000  0.000000  0.000000  0.000000  0.484112  4.451769  5.356433  8.661986  0.000000  11.438691  37.351413  25.700802  18.528794  0.723314  0.552363  1.326999  0.310725  0.000000  13.815446  14.018994  11.175260  6.546280  2.556620 
1  0.000000  0.005483  0.009217  0.000000  0.000000  0.000000  2.142773  9.092103  7.026624  0.000000  0.585190  0.884553  1.698160  2.684194  0.805902  9.697826  11.744974  0.000000  4.199474  9.798726  5.894405  6.399295  0.000000  0.030128  0.300972 
1  0.000000  0.000000  0.000000  3.272340  9.727660  0.000000  0.000000  0.000000  0.000000  0.000000  0.000000  0.000000  0.000000  0.000000  0.000000  0.000000  0.000000  0.000000  0.000000  0.000000  0.000000  0.000000  0.000000  0.000000  0.000000 
1  0.000000  0.000000  0.000000  0.000000  0.000000  0.000000  0.000000  0.000000  0.875444  0.996856  0.000000  0.000000  0.000000  0.075036  0.769164  0.000000  0.000000  0.000000  0.000000  0.283500  0.000000  0.000000  0.000000  0.000000  0.000000 
1  0.000000  0.000000  0.000000  0.000000  0.000000  0.000000  0.000000  0.000000  0.000000  0.000000  0.000000  0.000000  0.000000  0.000000  0.000000  0.000000  0.000000  0.000000  0.000000  0.000000  0.000000  0.000000  0.000000  0.000000  0.000000 
-1  0.000000  0.000000  0.000000  0.000000  0.000000  0.000000  0.220580  0.369180  2.770554  2.363886  0.357199  14.832431  14.852322  6.810450  4.500298  0.197981  7.467969  6.492778  1.703476  0.060896  0.000000  0.000000  0.000000  0.000000  0.000000 
-1  0.000000  0.000000  0.000000  0.000000  0.000000  0.000000  3.488787  5.280438  1.520775  0.000000  0.000000  8.422477  23.023700  15.240150  2.199074  0.000000  0.002256  0.575242  2.383055  0.864046  0.000000  0.000000  0.000000  0.000000  0.000000 
1  0.000000  0.000000  0.000000  0.000000  0.000000  0.000000  0.000000  0.000000  0.000000  0.000000  0.000000  0.000000  0.000000  0.000000  4.305500  0.000000  0.000000  0.000000  0.000000  1.694500  0.000000  0.000000  0.000000  0.000000  0.000000 
1  0.000000  0.000000  3.803734  19.638887  12.549879  0.000000  0.000000  5.787966  12.884593  3.334941  0.000000  0.000000  0.000000  0.000000  0.000000  0.000000  0.000000  0.000000  1.437337  3.936163  4.760660  1.239340  0.957020  1.307243  1.362237 
1  0.000000  0.000000  0.000000  0.000000  0.000000  0.000000  0.000000  0.412460  0.384140  0.000000  0.000000  0.000000  0.593900  0.609500  0.000000  0.000000  0.000000  0.000000  0.000000  0.000000  0.000000  0.000000  0.000000  0.000000  0.000000 
1  0.000000  0.000000  0.000000  0.000000  0.000000  0.000000  5.242836  5.978164  0.000000  0.000000  0.000000  1.979664  3.799336  0.000000  0.687200  0.000000  0.000000  0.000000  0.000000  0.312800  0.000000  0.000000  0.000000  0.000000  0.000000 
1  0.000000  0.000000  0.000000  0.000000  0.000000  0.000000  0.000000  0.000000  0.000000  0.000000  0.000000  0.000000  0.000000  0.000000  6.661100  0.000000  0.000000  0.000000  0.000000  1.338900  0.000000  0.000000  0.000000  0.000000  0.000000 
1  0.000000  0.000000  0.000000  0.000000  0.000000  0.000000  0.000000  0.000000  0.000000  0.000000  0.000000  0.000000  0.000000  0.000000  0.137800  0.000000  0.000000  0.000000  0.000000  0.862200  0.000000  0.000000  0.000000  0.000000  0.000000 
1  0.000000  0.000000  0.104545  0.118355  0.000000  0.000000  0.000000  0.364475  0.412625  0.000000  0.000000  0.000000  0.000000  0.000000  0.000000  0.000000  0.000000  0.000000  0.000000  0.000000  0.000000  0.000000  0.000000  0.000000  0.000000 
-1  0.000000  0.000000  0.000000  1.286620  8.713380  0.000000  0.000000  0.000000  0.000000  0.000000  0.000000  0.000000  0.000000  0.000000  0.000000  0.000000  0.000000  0.000000  0.000000  2.931400  2.018480  1.981520  0.000000  0.000000  0.068600 
1  0.000000  0.000000  0.000000  0.000000  0.000000  0.000000  0.995299  2.218812  0.190775  0.271513  0.000000  8.504627  18.747410  4.592196  3.130167  0.000000  1.861374  6.616498  5.545849  4.325480  0.000000  0.000000  0.000000  0.000000  0.000000 
1  0.000000  0.000000  0.000000  0.000000  5.000000  0.000000  0.000000  0.000000  2.837379  0.352821  0.000000  0.758400  0.040000  2.696557  1.800743  0.000000  0.191500  0.010100  0.984164  1.328336  3.395900  2.604100  0.000000  0.000000  0.000000 
1  0.000000  0.000000  0.000000  0.000000  0.000000  0.000000  0.000000  0.000000  0.000000  1.561800  0.000000  0.000000  0.000000  0.000000  4.711200  0.648178  0.520822  0.000000  0.000000  2.727000  10.476922  2.354078  0.000000  0.000000  0.000000 
1  0.000000  0.000000  0.000000  0.000000  0.000000  0.000000  0.081260  0.217140  0.000000  0.000000  0.000000  0.191060  0.510540  0.000000  0.000000  0.000000  0.000000  0.000000  0.000000  0.000000  0.000000  0.000000  0.000000  0.000000  0.000000 
1  0.000000  0.000000  0.000000  2.170100  5.076100  0.000000  0.000000  0.000000  0.249000  0.504800  0.000000  0.000000  0.000000  0.000000  0.000000  0.000000  0.000000  0.000000  0.000000  0.000000  0.000000  0.000000  0.000000  0.000000  0.000000 
-1  0.000000  0.000000  0.000000  0.000000  0.000000  0.000000  5.022078  18.375162  15.235608  1.459653  0.493337  16.167218  35.698600  36.618573  6.547872  0.902643  13.088227  27.167506  22.996589  3.148735  0.000000  0.038797  0.561492  0.477910  0.000000 
1  0.000000  0.000000  0.000000  0.009996  0.085304  0.000000  2.686381  14.009516  19.230815  14.707387  0.000000  5.791879  18.031304  10.386949  3.017569  0.000000  0.014200  0.028700  0.000000  0.000000  0.000000  0.000000  0.000000  0.000000  0.000000 
1  0.000000  0.000000  0.000000  0.000000  0.000000  0.000000  0.000000  0.000000  0.000000  7.870000  0.000000  0.000000  0.000000  0.000000  6.130000  0.502669  0.066231  0.000000  0.000000  0.000000  0.380911  0.050189  0.000000  0.000000  0.000000 
1  0.000000  0.000000  0.000000  0.000000  0.000000  0.000000  0.000000  0.000000  0.000000  0.363200  0.257952  1.363541  0.265707  0.069929  1.556771  1.380008  2.546539  0.253824  2.955172  2.400956  0.000000  0.000000  0.020989  0.468439  0.096972 
1  0.000000  0.000000  0.000000  0.000000  0.000000  0.000000  0.000000  0.000000  0.000000  0.000000  0.000000  0.000000  0.000000  0.000000  0.000000  0.000000  0.000000  0.000000  0.000000  0.000000  0.000000  0.000000  0.000000  0.000000  0.000000 
-1  0.000000  0.000000  0.000000  0.000000  0.000000  0.000000  0.000000  0.152360  0.138140  0.000000  0.000000  0.000000  1.800780  0.908720  0.000000  0.000000  0.000000  0.000000  0.000000  0.000000  0.000000  0.000000  0.000000  0.000000  0.000000 
1  0.000000  0.000000  0.000000  0.000000  0.000000  0.000000  0.000000  0.000000  0.000000  0.000000  0.000000  0.000000  0.000000  0.000000  0.000000  0.000000  0.000000  0.000000  0.000000  0.000000  0.000000  0.000000  0.000000  0.000000  0.000000 
1  0.000000  0.000000  0.000000  0.000000  0.000000  0.000000  0.069618  0.155482  0.000000  0.000000  0.019908  5.085825  4.929167  0.320915  0.551185  0.006132  0.567936  0.165931  0.047065  0.526135  0.000000  0.000000  0.000000  0.000000  0.554700 
1  0.000000  0.000000  0.000000  0.000000  0.000000  0.000000  1.594532  1.543268  0.000000  11.054000  0.629215  14.175020  13.209266  0.000000  12.922700  1.210385  8.930688  5.707626  0.000000  0.023300  0.000000  0.000000  0.000000  0.000000  0.000000 
-1  0.000000  0.000000  0.000000  0.000000  0.000000  0.000000  0.000000  0.018846  0.014854  0.000000  0.553126  13.797513  22.233297  3.750264  0.000000  11.681042  44.750272  49.230279  17.143806  0.000000  0.070371  0.327415  0.347859  0.081055  0.000000 
1  0.000000  0.000000  0.000000  0.000000  0.000000  0.000000  0.000000  0.000000  0.000000  0.000000  1.002770  9.844540  4.793590  0.000000  0.460700  1.661090  9.726240  3.971770  0.000000  4.539300  0.000000  0.000000  0.000000  0.000000  0.000000 
1  0.000000  0.000000  2.219708  2.997892  0.000000  0.000000  0.000000  3.756292  3.026108  0.810000  0.000000  0.000000  0.000000  0.000000  1.190000  0.000000  0.000000  0.000000  0.000000  0.000000  0.000000  0.000000  0.000000  0.000000  0.000000 
1  0.000000  0.000000  0.000000  0.227040  0.186560  0.000000  1.484020  5.509222  18.824128  11.802529  0.000000  19.876359  52.338898  29.706526  6.349417  0.000000  0.928001  7.500020  6.823145  0.444134  0.000000  0.000000  0.000000  0.000000  0.000000 
1  0.000000  0.000000  0.000000  0.000000  0.000000  0.000000  0.000000  0.000000  0.000000  0.000000  0.371135  10.214101  10.056858  1.905106  9.929700  0.563565  7.795119  5.479042  0.615074  7.040500  0.000000  0.000000  0.000000  0.000000  0.029800 
-1  0.000000  0.000000  0.000000  0.000000  0.000000  0.000000  0.000000  0.000000  0.000000  0.000000  0.000000  0.000000  0.000000  0.000000  0.000000  0.000000  0.000000  0.000000  0.000000  0.000000  0.000000  0.000000  0.000000  0.000000  0.000000 
1  0.000000  0.000000  0.000000  0.000000  0.000000  0.000000  0.000000  0.000000  0.000000  0.000000  0.000000  0.000000  0.000000  0.000000  1.089700  0.000000  0.000000  0.000000  0.000000  6.857300  0.000000  0.000000  0.000000  0.000000  0.053000 
1  0.000000  0.000000  0.000000  0.000000  0.000000  0.000000  0.000000  0.000000  0.000000  0.000000  0.000000  0.000000  0.000000  0.000000  0.000000  0.000000  0.000000  0.000000  0.000000  0.000000  0.000000  0.000000  0.000000  0.000000  0.000000 
1  0.000000  0.000000  3.240376  33.992255  45.106068  0.000000  0.000000  2.672284  12.129645  12.859372  0.000000  0.000000  0.000000  0.000000  0.000000  1.284237  1.111563  0.000000  0.000000  0.000000  2.351823  2.252377  0.000000  0.000000  0.000000 
-1  0.000000  0.000000  0.000000  0.000000  0.000000  0.000000  0.000000  0.000000  0.000000  0.000000  0.140001  0.965225  1.245731  0.449643  0.000000  4.693250  5.617244  0.396749  0.101057  0.000000  1.433749  0.957351  0.000000  0.000000  0.000000
-1 0 0 0 0 0 0 0 0 0 0 0 0 0 0 0 0 0 0 0 0 0 0 0 0 0
1 0 0 0 0 0 0 0 0 0 0 0 0 0 0 0 0 0 0 0 0 0 0 0 0 0
1 0 0 0 0 0 0 0 0 0 0 0 0 0 0 7.76418 0 0 0 0 6.23582 0 0 0 0 0
