3.82815 1 2.70927e-05 0.000470281 -0.000470265 -0.000566653 1 2.73592e-05 -1 -0.00056664 -0.0225869 -0.149974 0.000539395 -0.0558 0.0108 
3.82815 -1 -2.70927e-05 0.000662934 0.000662919 0.000566671 1 -2.74684e-05 1 -0.000566653 -0.0226158 -0.149974 0.000539397 -0.0108 0.0558 
3.82814 1 2.70927e-05 0.000470281 -0.000470265 -0.000566653 1 2.73592e-05 -1 -0.00056664 -6.41749e-05 -0.149987 0.000537843 -0.0332 0.0334 
3.82814 -1 -2.70927e-05 0.000662934 0.000662919 0.000566671 1 -2.74684e-05 1 -0.000566653 -9.30729e-05 -0.149987 0.000537845 -0.0334 0.0332 
3.82814 1 2.70927e-05 0.000470281 -0.000470265 -0.000566653 1 2.73592e-05 -1 -0.00056664 0.0224585 -0.15 0.000536291 -0.0108 0.0558 
3.82813 -1 -2.70927e-05 0.000662934 0.000662919 0.000566671 1 -2.74684e-05 1 -0.000566653 0.0224296 -0.15 0.000536293 -0.0558 0.0108 
3.82623 -1 -0.000165561 -0.000470281 0.000470374 -0.000566562 -1 0.000165294 -1 0.00056664 0.0225996 0.15 0.000366299 -0.0558 0.0108 
3.82623 1 0.000165561 -0.000662934 -0.000663028 0.000566544 -1 -0.000165185 1 0.000566653 0.0226285 0.15 0.000366297 -0.0108 0.0558 
3.82622 -1 -0.000165561 -0.000470281 0.000470374 -0.000566562 -1 0.000165294 -1 0.00056664 7.69093e-05 0.150013 0.000367851 -0.0334 0.0332 
3.82622 1 0.000165561 -0.000662934 -0.000663028 0.000566544 -1 -0.000165185 1 0.000566653 0.000105807 0.150013 0.000367849 -0.0332 0.0334 
3.82621 -1 -0.000165561 -0.000470281 0.000470374 -0.000566562 -1 0.000165294 -1 0.00056664 -0.0224458 0.150026 0.000369403 -0.0108 0.0558 
3.82621 1 0.000165561 -0.000662934 -0.000663028 0.000566544 -1 -0.000165185 1 0.000566653 -0.0224169 0.150026 0.000369401 -0.0558 0.0108 
3.82468 -0.706774 -0.000137315 -0.707439 0.707439 -0.000498462 -0.706774 -0.000255581 -1 0.000449442 0.122039 0.0900942 0.000393357 -0.0558 0.0108 
3.82467 -0.706774 -0.000137315 -0.707439 0.707439 -0.000498462 -0.706774 -0.000255581 -1 0.000449442 0.106122 0.106029 0.000385431 -0.0332 0.0334 
3.82466 -0.706774 -0.000137315 -0.707439 0.707439 -0.000498462 -0.706774 -0.000255581 -1 0.000449442 0.0902053 0.121964 0.000377504 -0.0108 0.0558 
3.82465 0.706638 0.000137302 -0.707575 -0.707575 0.000498449 -0.706638 0.000255667 1 0.000449375 0.12206 0.0900738 0.000393368 -0.0108 0.0558 
3.82465 0.706638 0.000137302 -0.707575 -0.707575 0.000498449 -0.706638 0.000255667 1 0.000449375 0.106143 0.106009 0.000385441 -0.0334 0.0332 
3.82464 0.706638 0.000137302 -0.707575 -0.707575 0.000498449 -0.706638 0.000255667 1 0.000449375 0.0902258 0.121944 0.000377514 -0.0558 0.0108 
3.82329 0.707439 -1.0887e-06 -0.706774 0.706774 -0.000498526 0.707439 -0.000353116 -1 -0.000351907 0.0900875 -0.12202 0.000515755 -0.0558 0.0108 
3.82328 0.707439 -1.0887e-06 -0.706774 0.706774 -0.000498526 0.707439 -0.000353116 -1 -0.000351907 0.106022 -0.106103 0.000505633 -0.0332 0.0334 
3.82328 0.707439 -1.0887e-06 -0.706774 0.706774 -0.000498526 0.707439 -0.000353116 -1 -0.000351907 0.121957 -0.0901859 0.000495511 -0.0108 0.0558 
3.82327 -0.707575 1.07559e-06 -0.706638 -0.706638 0.000498539 0.707575 0.000353048 1 -0.000351994 0.0900671 -0.12204 0.000515768 -0.0108 0.0558 
3.82326 -0.707575 1.07559e-06 -0.706638 -0.706638 0.000498539 0.707575 0.000353048 1 -0.000351994 0.106002 -0.106123 0.000505646 -0.0334 0.0332 
3.82325 -0.707575 1.07559e-06 -0.706638 -0.706638 0.000498539 0.707575 0.000353048 1 -0.000351994 0.121937 -0.0902063 0.000495524 -0.0558 0.0108 
3.8221 0.706774 -1.15277e-06 0.707439 -0.707439 -0.000634753 0.706774 0.000448234 -1 -0.000449442 -0.122026 -0.090068 0.000512336 -0.0558 0.0108 
3.82209 0.706774 -1.15277e-06 0.707439 -0.707439 -0.000634753 0.706774 0.000448234 -1 -0.000449442 -0.10611 -0.106003 0.000520263 -0.0334 0.0332 
3.82208 0.706774 -1.15277e-06 0.707439 -0.707439 -0.000634753 0.706774 0.000448234 -1 -0.000449442 -0.0901926 -0.121938 0.00052819 -0.0108 0.0558 
3.82207 -0.706638 1.1659e-06 0.707575 0.707575 0.000634766 0.706638 -0.000448321 1 -0.000449375 -0.122047 -0.0900476 0.000512326 -0.0108 0.0558 
3.82206 -0.706638 1.1659e-06 0.707575 0.707575 0.000634766 0.706638 -0.000448321 1 -0.000449375 -0.10613 -0.105983 0.000520253 -0.0332 0.0334 
3.82205 -0.706638 1.1659e-06 0.707575 0.707575 0.000634766 0.706638 -0.000448321 1 -0.000449375 -0.090213 -0.121918 0.00052818 -0.0558 0.0108 
3.82189 0.000470287 -6.91888e-05 -1 1 -0.000470281 0.00047032 -0.000470313 -1 6.89676e-05 0.149994 -0.0225801 0.000455264 -0.0558 0.0108 
3.82189 -0.000662941 6.91702e-05 -1 -1 0.000470281 0.000662973 0.000470326 1 6.88584e-05 0.149994 -0.022609 0.000455281 -0.0108 0.0558 
3.82188 0.000470287 -6.91888e-05 -1 1 -0.000470281 0.00047032 -0.000470313 -1 6.89676e-05 0.150006 -5.74476e-05 0.000442502 -0.0332 0.0334 
3.82188 -0.000662941 6.91702e-05 -1 -1 0.000470281 0.000662973 0.000470326 1 6.88584e-05 0.150006 -8.63456e-05 0.000442518 -0.0334 0.0332 
3.82187 0.000470287 -6.91888e-05 -1 1 -0.000470281 0.00047032 -0.000470313 -1 6.89676e-05 0.150019 0.0224652 0.000429739 -0.0108 0.0558 
3.82187 -0.000662941 6.91702e-05 -1 -1 0.000470281 0.000662973 0.000470326 1 6.88584e-05 0.150019 0.0224363 0.000429756 -0.0558 0.0108 
3.82071 -0.707439 -0.000137379 0.706774 -0.706774 -0.000634689 -0.707439 0.000545769 -1 0.000351907 -0.0900748 0.122046 0.000389939 -0.0558 0.0108 
3.8207 -0.707439 -0.000137379 0.706774 -0.706774 -0.000634689 -0.707439 0.000545769 -1 0.000351907 -0.10601 0.106129 0.000400061 -0.0334 0.0332 
3.82069 -0.707439 -0.000137379 0.706774 -0.706774 -0.000634689 -0.707439 0.000545769 -1 0.000351907 -0.121945 0.0902121 0.000410183 -0.0108 0.0558 
3.82068 0.707575 0.000137393 0.706638 0.706638 0.000634676 -0.707575 -0.000545701 1 0.000351994 -0.0900543 0.122066 0.000389926 -0.0108 0.0558 
3.82067 0.707575 0.000137393 0.706638 0.706638 0.000634676 -0.707575 -0.000545701 1 0.000351994 -0.105989 0.106149 0.000400048 -0.0332 0.0334 
3.82066 0.707575 0.000137393 0.706638 0.706638 0.000634676 -0.707575 -0.000545701 1 0.000351994 -0.121924 0.0902325 0.00041017 -0.0558 0.0108 
3.81931 -0.000470274 -6.92794e-05 1 -1 -0.000662934 -0.00047032 0.000662967 -1 -6.89676e-05 -0.149981 0.0226063 0.00045043 -0.0558 0.0108 
3.8193 0.000662927 6.92979e-05 1 1 0.000662934 -0.000662973 -0.00066298 1 -6.88584e-05 -0.149981 0.0226352 0.000450413 -0.0108 0.0558 
3.8193 -0.000470274 -6.92794e-05 1 -1 -0.000662934 -0.00047032 0.000662967 -1 -6.89676e-05 -0.149994 8.36483e-05 0.000463192 -0.0334 0.0332 
3.81929 0.000662927 6.92979e-05 1 1 0.000662934 -0.000662973 -0.00066298 1 -6.88584e-05 -0.149994 0.000112546 0.000463176 -0.0332 0.0334 
3.81929 -0.000470274 -6.92794e-05 1 -1 -0.000662934 -0.00047032 0.000662967 -1 -6.89676e-05 -0.150006 -0.022439 0.000475954 -0.0108 0.0558 
3.81928 0.000662927 6.92979e-05 1 1 0.000662934 -0.000662973 -0.00066298 1 -6.88584e-05 -0.150006 -0.0224101 0.000475938 -0.0558 0.0108 
2.78379 -1 -2.70927e-05 0.000662934 0.000662919 0.000566671 1 -2.74684e-05 1 -0.000566653 0.0224312 -0.149987 0.023059 -0.0558 0.0108 
2.78378 1 2.70927e-05 0.000470281 -0.000470265 -0.000566653 1 2.73592e-05 -1 -0.00056664 0.0224601 -0.149987 0.023059 -0.0108 0.0558 
2.78367 -1 -2.70927e-05 0.000662934 0.000662919 0.000566671 1 -2.74684e-05 1 -0.000566653 -9.15136e-05 -0.149974 0.0230605 -0.0334 0.0332 
2.78366 1 2.70927e-05 0.000470281 -0.000470265 -0.000566653 1 2.73592e-05 -1 -0.00056664 -6.26156e-05 -0.149974 0.0230605 -0.0332 0.0334 
2.78355 -1 -2.70927e-05 0.000662934 0.000662919 0.000566671 1 -2.74684e-05 1 -0.000566653 -0.0226142 -0.149961 0.0230621 -0.0108 0.0558 
2.78353 1 2.70927e-05 0.000470281 -0.000470265 -0.000566653 1 2.73592e-05 -1 -0.00056664 -0.0225853 -0.149961 0.0230621 -0.0558 0.0108 
2.78293 1 0.000165561 -0.000662934 -0.000663028 0.000566544 -1 -0.000165185 1 0.000566653 -0.0224153 0.150039 0.0228921 -0.0558 0.0108 
2.78291 -1 -0.000165561 -0.000470281 0.000470374 -0.000566562 -1 0.000165294 -1 0.00056664 -0.0224442 0.150039 0.0228921 -0.0108 0.0558 
2.7828 1 0.000165561 -0.000662934 -0.000663028 0.000566544 -1 -0.000165185 1 0.000566653 0.000107367 0.150026 0.0228905 -0.0332 0.0334 
2.78279 -1 -0.000165561 -0.000470281 0.000470374 -0.000566562 -1 0.000165294 -1 0.00056664 7.84686e-05 0.150026 0.0228905 -0.0334 0.0332 
2.78268 1 0.000165561 -0.000662934 -0.000663028 0.000566544 -1 -0.000165185 1 0.000566653 0.0226301 0.150013 0.022889 -0.0108 0.0558 
2.78266 -1 -0.000165561 -0.000470281 0.000470374 -0.000566562 -1 0.000165294 -1 0.00056664 0.0226012 0.150013 0.022889 -0.0558 0.0108 
2.78097 -0.706774 -0.000137315 -0.707439 0.707439 -0.000498462 -0.706774 -0.000255581 -1 0.000449442 0.0902069 0.121977 0.0229002 -0.0108 0.0558 
2.78096 0.706638 0.000137302 -0.707575 -0.707575 0.000498449 -0.706638 0.000255667 1 0.000449375 0.0902273 0.121956 0.0229002 -0.0558 0.0108 
2.78092 -0.000662941 6.91702e-05 -1 -1 0.000470281 0.000662973 0.000470326 1 6.88584e-05 0.150021 0.0224491 0.0229524 -0.0558 0.0108 
2.7809 0.000470287 -6.91888e-05 -1 1 -0.000470281 0.00047032 -0.000470313 -1 6.89676e-05 0.150021 0.022478 0.0229524 -0.0108 0.0558 
2.78085 -0.706774 -0.000137315 -0.707439 0.707439 -0.000498462 -0.706774 -0.000255581 -1 0.000449442 0.106124 0.106042 0.0229081 -0.0332 0.0334 
2.78083 0.706638 0.000137302 -0.707575 -0.707575 0.000498449 -0.706638 0.000255667 1 0.000449375 0.106144 0.106022 0.0229081 -0.0334 0.0332 
2.78079 -0.000662941 6.91702e-05 -1 -1 0.000470281 0.000662973 0.000470326 1 6.88584e-05 0.150008 -7.35841e-05 0.0229652 -0.0334 0.0332 
2.78077 0.000470287 -6.91888e-05 -1 1 -0.000470281 0.00047032 -0.000470313 -1 6.89676e-05 0.150008 -4.46861e-05 0.0229652 -0.0332 0.0334 
2.78072 -0.706774 -0.000137315 -0.707439 0.707439 -0.000498462 -0.706774 -0.000255581 -1 0.000449442 0.122041 0.090107 0.022916 -0.0558 0.0108 
2.78071 0.706638 0.000137302 -0.707575 -0.707575 0.000498449 -0.706638 0.000255667 1 0.000449375 0.122061 0.0900866 0.0229161 -0.0108 0.0558 
2.78067 -0.000662941 6.91702e-05 -1 -1 0.000470281 0.000662973 0.000470326 1 6.88584e-05 0.149995 -0.0225963 0.022978 -0.0108 0.0558 
2.78065 0.000470287 -6.91888e-05 -1 1 -0.000470281 0.00047032 -0.000470313 -1 6.89676e-05 0.149995 -0.0225674 0.022978 -0.0558 0.0108 
2.77985 0.706774 -1.15277e-06 0.707439 -0.707439 -0.000634753 0.706774 0.000448234 -1 -0.000449442 -0.090191 -0.121925 0.0230509 -0.0108 0.0558 
2.77983 -0.706638 1.1659e-06 0.707575 0.707575 0.000634766 0.706638 -0.000448321 1 -0.000449375 -0.0902115 -0.121905 0.0230509 -0.0558 0.0108 
2.77974 0.000662927 6.92979e-05 1 1 0.000662934 -0.000662973 -0.00066298 1 -6.88584e-05 -0.150005 -0.0223974 0.0229986 -0.0558 0.0108 
2.77972 0.706774 -1.15277e-06 0.707439 -0.707439 -0.000634753 0.706774 0.000448234 -1 -0.000449442 -0.106108 -0.10599 0.023043 -0.0334 0.0332 
2.77972 -0.000470274 -6.92794e-05 1 -1 -0.000662934 -0.00047032 0.000662967 -1 -6.89676e-05 -0.150005 -0.0224263 0.0229986 -0.0108 0.0558 
2.7797 -0.706638 1.1659e-06 0.707575 0.707575 0.000634766 0.706638 -0.000448321 1 -0.000449375 -0.106128 -0.10597 0.0230429 -0.0332 0.0334 
2.77961 0.000662927 6.92979e-05 1 1 0.000662934 -0.000662973 -0.00066298 1 -6.88584e-05 -0.149992 0.000125308 0.0229859 -0.0332 0.0334 
2.7796 0.706774 -1.15277e-06 0.707439 -0.707439 -0.000634753 0.706774 0.000448234 -1 -0.000449442 -0.122025 -0.0900553 0.023035 -0.0558 0.0108 
2.77959 -0.000470274 -6.92794e-05 1 -1 -0.000662934 -0.00047032 0.000662967 -1 -6.89676e-05 -0.149992 9.64098e-05 0.0229859 -0.0334 0.0332 
2.77958 -0.706638 1.1659e-06 0.707575 0.707575 0.000634766 0.706638 -0.000448321 1 -0.000449375 -0.122045 -0.0900348 0.023035 -0.0108 0.0558 
2.77949 0.000662927 6.92979e-05 1 1 0.000662934 -0.000662973 -0.00066298 1 -6.88584e-05 -0.149979 0.022648 0.0229731 -0.0108 0.0558 
2.77947 -0.000470274 -6.92794e-05 1 -1 -0.000662934 -0.00047032 0.000662967 -1 -6.89676e-05 -0.149979 0.0226191 0.0229731 -0.0558 0.0108 
2.69208 0.707439 -1.0887e-06 -0.706774 0.706774 -0.000498526 0.707439 -0.000353116 -1 -0.000351907 0.121959 -0.0901731 0.0230182 -0.0108 0.0558 
2.692 -0.707575 1.07559e-06 -0.706638 -0.706638 0.000498539 0.707575 0.000353048 1 -0.000351994 0.121939 -0.0901935 0.0230182 -0.0558 0.0108 
2.69188 0.707439 -1.0887e-06 -0.706774 0.706774 -0.000498526 0.707439 -0.000353116 -1 -0.000351907 0.106024 -0.10609 0.0230283 -0.0332 0.0334 
2.6918 -0.707575 1.07559e-06 -0.706638 -0.706638 0.000498539 0.707575 0.000353048 1 -0.000351994 0.106004 -0.10611 0.0230283 -0.0334 0.0332 
2.69168 0.707439 -1.0887e-06 -0.706774 0.706774 -0.000498526 0.707439 -0.000353116 -1 -0.000351907 0.0900891 -0.122007 0.0230384 -0.0558 0.0108 
2.69159 -0.707575 1.07559e-06 -0.706638 -0.706638 0.000498539 0.707575 0.000353048 1 -0.000351994 0.0900686 -0.122027 0.0230385 -0.0108 0.0558 
2.68567 1 2.70927e-05 0.000470281 -0.000470265 -0.000566653 1 2.73592e-05 -1 -0.00056664 -0.0225884 -0.149987 -0.0219833 -0.0558 0.0108 
2.68567 -1 -2.70927e-05 0.000662934 0.000662919 0.000566671 1 -2.74684e-05 1 -0.000566653 -0.0226173 -0.149987 -0.0219833 -0.0108 0.0558 
2.68555 1 2.70927e-05 0.000470281 -0.000470265 -0.000566653 1 2.73592e-05 -1 -0.00056664 -6.57342e-05 -0.15 -0.0219848 -0.0332 0.0334 
2.68555 -1 -2.70927e-05 0.000662934 0.000662919 0.000566671 1 -2.74684e-05 1 -0.000566653 -9.46323e-05 -0.15 -0.0219848 -0.0334 0.0332 
2.68543 1 2.70927e-05 0.000470281 -0.000470265 -0.000566653 1 2.73592e-05 -1 -0.00056664 0.022457 -0.150012 -0.0219864 -0.0108 0.0558 
2.68543 -1 -2.70927e-05 0.000662934 0.000662919 0.000566671 1 -2.74684e-05 1 -0.000566653 0.0224281 -0.150012 -0.0219864 -0.0558 0.0108 
2.68485 -1 -0.000165561 -0.000470281 0.000470374 -0.000566562 -1 0.000165294 -1 0.00056664 0.022598 0.149988 -0.0221564 -0.0558 0.0108 
2.68485 1 0.000165561 -0.000662934 -0.000663028 0.000566544 -1 -0.000165185 1 0.000566653 0.0226269 0.149988 -0.0221564 -0.0108 0.0558 
2.68473 -1 -0.000165561 -0.000470281 0.000470374 -0.000566562 -1 0.000165294 -1 0.00056664 7.53499e-05 0.15 -0.0221548 -0.0334 0.0332 
2.68473 1 0.000165561 -0.000662934 -0.000663028 0.000566544 -1 -0.000165185 1 0.000566653 0.000104248 0.15 -0.0221548 -0.0332 0.0334 
2.68461 -1 -0.000165561 -0.000470281 0.000470374 -0.000566562 -1 0.000165294 -1 0.00056664 -0.0224473 0.150013 -0.0221533 -0.0108 0.0558 
2.68461 1 0.000165561 -0.000662934 -0.000663028 0.000566544 -1 -0.000165185 1 0.000566653 -0.0224184 0.150013 -0.0221533 -0.0558 0.0108 
2.68423 -0.706774 -0.000137315 -0.707439 0.707439 -0.000498462 -0.706774 -0.000255581 -1 0.000449442 0.122038 0.0900815 -0.0221293 -0.0558 0.0108 
2.68422 0.706638 0.000137302 -0.707575 -0.707575 0.000498449 -0.706638 0.000255667 1 0.000449375 0.122058 0.090061 -0.0221293 -0.0108 0.0558 
2.6841 -0.706774 -0.000137315 -0.707439 0.707439 -0.000498462 -0.706774 -0.000255581 -1 0.000449442 0.106121 0.106016 -0.0221373 -0.0334 0.0332 
2.6841 0.706638 0.000137302 -0.707575 -0.707575 0.000498449 -0.706638 0.000255667 1 0.000449375 0.106141 0.105996 -0.0221372 -0.0332 0.0334 
2.68398 -0.706774 -0.000137315 -0.707439 0.707439 -0.000498462 -0.706774 -0.000255581 -1 0.000449442 0.0902038 0.121951 -0.0221452 -0.0108 0.0558 
2.68398 0.706638 0.000137302 -0.707575 -0.707575 0.000498449 -0.706638 0.000255667 1 0.000449375 0.0902242 0.121931 -0.0221452 -0.0558 0.0108 
2.68339 0.707439 -1.0887e-06 -0.706774 0.706774 -0.000498526 0.707439 -0.000353116 -1 -0.000351907 0.121956 -0.0901986 -0.0220272 -0.0108 0.0558 
2.68313 0.706774 -1.15277e-06 0.707439 -0.707439 -0.000634753 0.706774 0.000448234 -1 -0.000449442 -0.122028 -0.0900808 -0.0220104 -0.0558 0.0108 
2.68312 -0.706638 1.1659e-06 0.707575 0.707575 0.000634766 0.706638 -0.000448321 1 -0.000449375 -0.122048 -0.0900604 -0.0220104 -0.0108 0.0558 
2.683 0.706774 -1.15277e-06 0.707439 -0.707439 -0.000634753 0.706774 0.000448234 -1 -0.000449442 -0.106111 -0.106016 -0.0220024 -0.0332 0.0334 
2.68299 -0.706638 1.1659e-06 0.707575 0.707575 0.000634766 0.706638 -0.000448321 1 -0.000449375 -0.106132 -0.105995 -0.0220024 -0.0334 0.0332 
2.68299 0.000470287 -6.91888e-05 -1 1 -0.000470281 0.00047032 -0.000470313 -1 6.89676e-05 0.149992 -0.0225929 -0.0220674 -0.0558 0.0108 
2.68299 -0.000662941 6.91702e-05 -1 -1 0.000470281 0.000662973 0.000470326 1 6.88584e-05 0.149992 -0.0226218 -0.0220674 -0.0108 0.0558 
2.68289 0.706774 -1.15277e-06 0.707439 -0.707439 -0.000634753 0.706774 0.000448234 -1 -0.000449442 -0.0901942 -0.121951 -0.0219945 -0.0108 0.0558 
2.68288 -0.706638 1.1659e-06 0.707575 0.707575 0.000634766 0.706638 -0.000448321 1 -0.000449375 -0.0902146 -0.12193 -0.0219945 -0.0558 0.0108 
2.68287 0.000470287 -6.91888e-05 -1 1 -0.000470281 0.00047032 -0.000470313 -1 6.89676e-05 0.150005 -7.02091e-05 -0.0220802 -0.0332 0.0334 
2.68287 -0.000662941 6.91702e-05 -1 -1 0.000470281 0.000662973 0.000470326 1 6.88584e-05 0.150005 -9.91072e-05 -0.0220802 -0.0334 0.0332 
2.68275 0.000470287 -6.91888e-05 -1 1 -0.000470281 0.00047032 -0.000470313 -1 6.89676e-05 0.150018 0.0224525 -0.022093 -0.0108 0.0558 
2.68275 -0.000662941 6.91702e-05 -1 -1 0.000470281 0.000662973 0.000470326 1 6.88584e-05 0.150018 0.0224236 -0.0220929 -0.0558 0.0108 
2.68253 -0.707439 -0.000137379 0.706774 -0.706774 -0.000634689 -0.707439 0.000545769 -1 0.000351907 -0.0900763 0.122033 -0.0221328 -0.0558 0.0108 
2.68189 -0.000470274 -6.92794e-05 1 -1 -0.000662934 -0.00047032 0.000662967 -1 -6.89676e-05 -0.149982 0.0225936 -0.0220723 -0.0558 0.0108 
2.68189 0.000662927 6.92979e-05 1 1 0.000662934 -0.000662973 -0.00066298 1 -6.88584e-05 -0.149982 0.0226225 -0.0220723 -0.0108 0.0558 
2.68176 -0.000470274 -6.92794e-05 1 -1 -0.000662934 -0.00047032 0.000662967 -1 -6.89676e-05 -0.149995 7.08868e-05 -0.0220595 -0.0334 0.0334 
2.68175 0.000662927 6.92979e-05 1 1 0.000662934 -0.000662973 -0.00066298 1 -6.88584e-05 -0.149995 9.97848e-05 -0.0220595 -0.0334 0.0334 
2.68165 -0.000470274 -6.92794e-05 1 -1 -0.000662934 -0.00047032 0.000662967 -1 -6.89676e-05 -0.150008 -0.0224518 -0.0220467 -0.0108 0.0558 
2.68165 0.000662927 6.92979e-05 1 1 0.000662934 -0.000662973 -0.00066298 1 -6.88584e-05 -0.150008 -0.0224229 -0.0220468 -0.0558 0.0108 
2.67947 -0.707439 -0.000137379 0.706774 -0.706774 -0.000634689 -0.707439 0.000545769 -1 0.000351907 -0.121943 0.0902248 0.0229329 -0.0108 0.0558 
2.67937 0.707575 0.000137393 0.706638 0.706638 0.000634676 -0.707575 -0.000545701 1 0.000351994 -0.121923 0.0902452 0.0229329 -0.0558 0.0108 
2.67926 -0.707439 -0.000137379 0.706774 -0.706774 -0.000634689 -0.707439 0.000545769 -1 0.000351907 -0.106008 0.106142 0.0229228 -0.0334 0.0332 
2.67916 0.707575 0.000137393 0.706638 0.706638 0.000634676 -0.707575 -0.000545701 1 0.000351994 -0.105988 0.106162 0.0229227 -0.0332 0.0334 
2.67907 -0.707439 -0.000137379 0.706774 -0.706774 -0.000634689 -0.707439 0.000545769 -1 0.000351907 -0.0900732 0.122059 0.0229126 -0.0558 0.0108 
2.67897 0.707575 0.000137393 0.706638 0.706638 0.000634676 -0.707575 -0.000545701 1 0.000351994 -0.0900528 0.122079 0.0229126 -0.0108 0.0558 
2.5297 -0.707575 1.07559e-06 -0.706638 -0.706638 0.000498539 0.707575 0.000353048 1 -0.000351994 0.0900655 -0.122053 -0.0220069 -0.0108 0.0558 
2.52962 0.707439 -1.0887e-06 -0.706774 0.706774 -0.000498526 0.707439 -0.000353116 -1 -0.000351907 0.090086 -0.122032 -0.0220069 -0.0558 0.0108 
2.52949 -0.707575 1.07559e-06 -0.706638 -0.706638 0.000498539 0.707575 0.000353048 1 -0.000351994 0.106 -0.106136 -0.022017 -0.0334 0.0332 
2.52944 0.707439 -1.0887e-06 -0.706774 0.706774 -0.000498526 0.707439 -0.000353116 -1 -0.000351907 0.106021 -0.106116 -0.0220171 -0.0332 0.0334 
2.5293 -0.707575 1.07559e-06 -0.706638 -0.706638 0.000498539 0.707575 0.000353048 1 -0.000351994 0.121935 -0.090219 -0.0220272 -0.0558 0.0108 
2.51733 0.707575 0.000137393 0.706638 0.706638 0.000634676 -0.707575 -0.000545701 1 0.000351994 -0.0900559 0.122054 -0.0221328 -0.0108 0.0558 
2.51714 0.707575 0.000137393 0.706638 0.706638 0.000634676 -0.707575 -0.000545701 1 0.000351994 -0.105991 0.106137 -0.0221226 -0.0332 0.0334 
2.51712 -0.707439 -0.000137379 0.706774 -0.706774 -0.000634689 -0.707439 0.000545769 -1 0.000351907 -0.106011 0.106116 -0.0221226 -0.0334 0.0332 
2.51694 0.707575 0.000137393 0.706638 0.706638 0.000634676 -0.707575 -0.000545701 1 0.000351994 -0.121926 0.0902197 -0.0221125 -0.0558 0.0108 
2.51693 -0.707439 -0.000137379 0.706774 -0.706774 -0.000634689 -0.707439 0.000545769 -1 0.000351907 -0.121946 0.0901993 -0.0221125 -0.0108 0.0558 
1.69605 -1 -0.000165561 -0.000470281 0.000470374 -0.000566562 -1 0.000165294 -1 0.00056664 -0.0224427 0.150051 0.0454148 -0.0108 0.0558 
1.69588 -1 -0.000165561 -0.000470281 0.000470374 -0.000566562 -1 0.000165294 -1 0.00056664 8.0028e-05 0.150039 0.0454132 -0.0334 0.0332 
1.69577 -1 -0.000165561 -0.000470281 0.000470374 -0.000566562 -1 0.000165294 -1 0.00056664 0.0226027 0.150026 0.0454117 -0.0558 0.0108 
1.68664 1 0.000165561 -0.000662934 -0.000663028 0.000566544 -1 -0.000165185 1 0.000566653 -0.0224138 0.150051 0.0454148 -0.0558 0.0108 
1.68653 1 0.000165561 -0.000662934 -0.000663028 0.000566544 -1 -0.000165185 1 0.000566653 0.000108926 0.150039 0.0454132 -0.0332 0.0334 
1.68639 1 0.000165561 -0.000662934 -0.000663028 0.000566544 -1 -0.000165185 1 0.000566653 0.0226316 0.150026 0.0454117 -0.0108 0.0558 
1.6687 -0.000470274 -6.92794e-05 1 -1 -0.000662934 -0.00047032 0.000662967 -1 -6.89676e-05 -0.150003 -0.0224135 0.0455213 -0.0108 0.0558 
1.59438 1 2.70927e-05 0.000470281 -0.000470265 -0.000566653 1 2.73592e-05 -1 -0.00056664 -6.72936e-05 -0.150012 -0.0445075 -0.0332 0.0334 
1.59372 1 2.70927e-05 0.000470281 -0.000470265 -0.000566653 1 2.73592e-05 -1 -0.00056664 -0.02259 -0.15 -0.044506 -0.0558 0.0108 
1.59366 1 2.70927e-05 0.000470281 -0.000470265 -0.000566653 1 2.73592e-05 -1 -0.00056664 0.0224554 -0.150025 -0.0445091 -0.0108 0.0558 
1.59283 0.000470287 -6.91888e-05 -1 1 -0.000470281 0.00047032 -0.000470313 -1 6.89676e-05 0.150009 -3.19246e-05 0.0454879 -0.0332 0.0334 
1.59216 0.000470287 -6.91888e-05 -1 1 -0.000470281 0.00047032 -0.000470313 -1 6.89676e-05 0.149997 -0.0225546 0.0455006 -0.0558 0.0108 
1.58905 -1 -2.70927e-05 0.000662934 0.000662919 0.000566671 1 -2.74684e-05 1 -0.000566653 -0.0226189 -0.15 -0.044506 -0.0108 0.0558 
1.58869 -1 -2.70927e-05 0.000662934 0.000662919 0.000566671 1 -2.74684e-05 1 -0.000566653 0.0224265 -0.150025 -0.0445091 -0.0558 0.0108 
1.58863 -1 -2.70927e-05 0.000662934 0.000662919 0.000566671 1 -2.74684e-05 1 -0.000566653 -9.61916e-05 -0.150012 -0.0445075 -0.0334 0.0332 
1.54819 -0.000470274 -6.92794e-05 1 -1 -0.000662934 -0.00047032 0.000662967 -1 -6.89676e-05 -0.149984 0.0225808 -0.0445949 -0.0558 0.0108 
1.54621 -0.706774 -0.000137315 -0.707439 0.707439 -0.000498462 -0.706774 -0.000255581 -1 0.000449442 0.0902084 0.12199 0.0454229 -0.0108 0.0558 
1.54609 -0.706774 -0.000137315 -0.707439 0.707439 -0.000498462 -0.706774 -0.000255581 -1 0.000449442 0.106125 0.106055 0.0454308 -0.0332 0.0334 
1.54604 0.706638 0.000137302 -0.707575 -0.707575 0.000498449 -0.706638 0.000255667 1 0.000449375 0.0902289 0.121969 0.0454229 -0.0558 0.0108 
1.54599 -0.706774 -0.000137315 -0.707439 0.707439 -0.000498462 -0.706774 -0.000255581 -1 0.000449442 0.122042 0.0901198 0.0454387 -0.0558 0.0108 
1.54593 0.706638 0.000137302 -0.707575 -0.707575 0.000498449 -0.706638 0.000255667 1 0.000449375 0.106146 0.106034 0.0454308 -0.0334 0.0332 
1.54584 0.706638 0.000137302 -0.707575 -0.707575 0.000498449 -0.706638 0.000255667 1 0.000449375 0.122063 0.0900993 0.0454387 -0.0108 0.0558 
1.53734 0.706774 -1.15277e-06 0.707439 -0.707439 -0.000634753 0.706774 0.000448234 -1 -0.000449442 -0.0901895 -0.121912 0.0455736 -0.0108 0.0558 
1.53725 0.706774 -1.15277e-06 0.707439 -0.707439 -0.000634753 0.706774 0.000448234 -1 -0.000449442 -0.106106 -0.105977 0.0455656 -0.0334 0.0332 
1.53719 -0.706638 1.1659e-06 0.707575 0.707575 0.000634766 0.706638 -0.000448321 1 -0.000449375 -0.0902099 -0.121892 0.0455736 -0.0558 0.0108 
1.53715 0.706774 -1.15277e-06 0.707439 -0.707439 -0.000634753 0.706774 0.000448234 -1 -0.000449442 -0.122023 -0.0900425 0.0455577 -0.0558 0.0108 
1.53709 -0.706638 1.1659e-06 0.707575 0.707575 0.000634766 0.706638 -0.000448321 1 -0.000449375 -0.106127 -0.105957 0.0455656 -0.0332 0.0334 
1.53699 -0.706638 1.1659e-06 0.707575 0.707575 0.000634766 0.706638 -0.000448321 1 -0.000449375 -0.122044 -0.0900221 0.0455577 -0.0108 0.0558 
1.5328 -0.000662941 6.91702e-05 -1 -1 0.000470281 0.000662973 0.000470326 1 6.88584e-05 0.150022 0.0224619 0.0454751 -0.0558 0.0108 
1.45714 -0.707575 1.07559e-06 -0.706638 -0.706638 0.000498539 0.707575 0.000353048 1 -0.000351994 0.090064 -0.122066 -0.0445296 -0.0108 0.0558 
1.45706 -0.707575 1.07559e-06 -0.706638 -0.706638 0.000498539 0.707575 0.000353048 1 -0.000351994 0.105999 -0.106149 -0.0445397 -0.0332 0.0334 
1.45698 -0.707575 1.07559e-06 -0.706638 -0.706638 0.000498539 0.707575 0.000353048 1 -0.000351994 0.121934 -0.0902318 -0.0445499 -0.0558 0.0108 
1.45691 0.707439 -1.0887e-06 -0.706774 0.706774 -0.000498526 0.707439 -0.000353116 -1 -0.000351907 0.0900844 -0.122045 -0.0445296 -0.0558 0.0108 
1.45683 0.707439 -1.0887e-06 -0.706774 0.706774 -0.000498526 0.707439 -0.000353116 -1 -0.000351907 0.106019 -0.106128 -0.0445397 -0.0334 0.0332 
1.45675 0.707439 -1.0887e-06 -0.706774 0.706774 -0.000498526 0.707439 -0.000353116 -1 -0.000351907 0.121954 -0.0902114 -0.0445499 -0.0108 0.0558 
1.44917 0.707575 0.000137393 0.706638 0.706638 0.000634676 -0.707575 -0.000545701 1 0.000351994 -0.0900575 0.122041 -0.0446555 -0.0108 0.0558 
1.44909 0.707575 0.000137393 0.706638 0.706638 0.000634676 -0.707575 -0.000545701 1 0.000351994 -0.105992 0.106124 -0.0446453 -0.0334 0.0332 
1.44901 0.707575 0.000137393 0.706638 0.706638 0.000634676 -0.707575 -0.000545701 1 0.000351994 -0.121927 0.090207 -0.0446352 -0.0558 0.0108 
1.44894 -0.707439 -0.000137379 0.706774 -0.706774 -0.000634689 -0.707439 0.000545769 -1 0.000351907 -0.0900779 0.12202 -0.0446554 -0.0558 0.0108 
1.44885 -0.707439 -0.000137379 0.706774 -0.706774 -0.000634689 -0.707439 0.000545769 -1 0.000351907 -0.106013 0.106103 -0.0446453 -0.0332 0.0334 
1.44878 -0.707439 -0.000137379 0.706774 -0.706774 -0.000634689 -0.707439 0.000545769 -1 0.000351907 -0.121948 0.0901865 -0.0446352 -0.0108 0.0558 
1.4084 0.000470287 -6.91888e-05 -1 1 -0.000470281 0.00047032 -0.000470313 -1 6.89676e-05 0.150022 0.0224908 0.0454751 -0.0108 0.0558 
1.40834 -0.000662941 6.91702e-05 -1 -1 0.000470281 0.000662973 0.000470326 1 6.88584e-05 0.150009 -6.08226e-05 0.0454879 -0.0334 0.0332 
1.40824 -0.000662941 6.91702e-05 -1 -1 0.000470281 0.000662973 0.000470326 1 6.88584e-05 0.149997 -0.0225835 0.0455007 -0.0108 0.0558 
1.40662 0.000662927 6.92979e-05 1 1 0.000662934 -0.000662973 -0.00066298 1 -6.88584e-05 -0.150003 -0.0223846 0.0455213 -0.0558 0.0108 
1.40652 0.000662927 6.92979e-05 1 1 0.000662934 -0.000662973 -0.00066298 1 -6.88584e-05 -0.14999 0.000138069 0.0455086 -0.0332 0.0334 
1.40648 -0.000470274 -6.92794e-05 1 -1 -0.000662934 -0.00047032 0.000662967 -1 -6.89676e-05 -0.14999 0.000109171 0.0455086 -0.0334 0.0332 
1.40642 0.000662927 6.92979e-05 1 1 0.000662934 -0.000662973 -0.00066298 1 -6.88584e-05 -0.149978 0.0226608 0.0454958 -0.0108 0.0558 
1.40639 -0.000470274 -6.92794e-05 1 -1 -0.000662934 -0.00047032 0.000662967 -1 -6.89676e-05 -0.149978 0.0226319 0.0454958 -0.0558 0.0108 
1.32888 0.000662927 6.92979e-05 1 1 0.000662934 -0.000662973 -0.00066298 1 -6.88584e-05 -0.149984 0.0226097 -0.044595 -0.0108 0.0558 
1.32886 -0.000470274 -6.92794e-05 1 -1 -0.000662934 -0.00047032 0.000662967 -1 -6.89676e-05 -0.149997 5.81253e-05 -0.0445822 -0.0332 0.0334 
1.32878 0.000662927 6.92979e-05 1 1 0.000662934 -0.000662973 -0.00066298 1 -6.88584e-05 -0.149997 8.70233e-05 -0.0445822 -0.0334 0.0332 
1.32876 -0.000470274 -6.92794e-05 1 -1 -0.000662934 -0.00047032 0.000662967 -1 -6.89676e-05 -0.150009 -0.0224646 -0.0445694 -0.0108 0.0558 
1.32869 0.000662927 6.92979e-05 1 1 0.000662934 -0.000662973 -0.00066298 1 -6.88584e-05 -0.150009 -0.0224357 -0.0445694 -0.0558 0.0108 
1.20604 -0.707575 1.07559e-06 -0.706638 -0.706638 0.000498539 0.707575 0.000353048 1 -0.000351994 0.12194 -0.0901808 0.0455409 -0.0558 0.0108 
1.20594 -0.707575 1.07559e-06 -0.706638 -0.706638 0.000498539 0.707575 0.000353048 1 -0.000351994 0.106005 -0.106098 0.045551 -0.0334 0.0332 
1.20591 0.707439 -1.0887e-06 -0.706774 0.706774 -0.000498526 0.707439 -0.000353116 -1 -0.000351907 0.121961 -0.0901603 0.0455409 -0.0108 0.0558 
1.20584 -0.707575 1.07559e-06 -0.706638 -0.706638 0.000498539 0.707575 0.000353048 1 -0.000351994 0.0900702 -0.122015 0.0455611 -0.0108 0.0558 
1.20581 0.707439 -1.0887e-06 -0.706774 0.706774 -0.000498526 0.707439 -0.000353116 -1 -0.000351907 0.106026 -0.106077 0.045551 -0.0332 0.0334 
1.20571 0.707439 -1.0887e-06 -0.706774 0.706774 -0.000498526 0.707439 -0.000353116 -1 -0.000351907 0.0900906 -0.121994 0.0455611 -0.0558 0.0108 
1.19947 0.707575 0.000137393 0.706638 0.706638 0.000634676 -0.707575 -0.000545701 1 0.000351994 -0.121921 0.090258 0.0454555 -0.0558 0.0108 
1.19937 0.707575 0.000137393 0.706638 0.706638 0.000634676 -0.707575 -0.000545701 1 0.000351994 -0.105986 0.106175 0.0454454 -0.0332 0.0334 
1.19934 -0.707439 -0.000137379 0.706774 -0.706774 -0.000634689 -0.707439 0.000545769 -1 0.000351907 -0.121942 0.0902376 0.0454556 -0.0108 0.0558 
1.19927 0.707575 0.000137393 0.706638 0.706638 0.000634676 -0.707575 -0.000545701 1 0.000351994 -0.0900512 0.122092 0.0454353 -0.0108 0.0558 
1.19923 -0.707439 -0.000137379 0.706774 -0.706774 -0.000634689 -0.707439 0.000545769 -1 0.000351907 -0.106007 0.106154 0.0454454 -0.0334 0.0332 
1.19914 -0.707439 -0.000137379 0.706774 -0.706774 -0.000634689 -0.707439 0.000545769 -1 0.000351907 -0.0900717 0.122071 0.0454353 -0.0558 0.0108 
1.15379 1 2.70927e-05 0.000470281 -0.000470265 -0.000566653 1 2.73592e-05 -1 -0.00056664 0.0224616 -0.149974 0.0455817 -0.0108 0.0558 
1.15379 -1 -2.70927e-05 0.000662934 0.000662919 0.000566671 1 -2.74684e-05 1 -0.000566653 0.0224327 -0.149974 0.0455817 -0.0558 0.0108 
1.15369 -1 -2.70927e-05 0.000662934 0.000662919 0.000566671 1 -2.74684e-05 1 -0.000566653 -8.99543e-05 -0.149961 0.0455832 -0.0334 0.0332 
1.15369 1 2.70927e-05 0.000470281 -0.000470265 -0.000566653 1 2.73592e-05 -1 -0.00056664 -6.10562e-05 -0.149961 0.0455832 -0.0332 0.0334 
1.15359 1 2.70927e-05 0.000470281 -0.000470265 -0.000566653 1 2.73592e-05 -1 -0.00056664 -0.0225837 -0.149949 0.0455848 -0.0558 0.0108 
1.15359 -1 -2.70927e-05 0.000662934 0.000662919 0.000566671 1 -2.74684e-05 1 -0.000566653 -0.0226126 -0.149949 0.0455848 -0.0108 0.0558 
1.12451 -0.706774 -0.000137315 -0.707439 0.707439 -0.000498462 -0.706774 -0.000255581 -1 0.000449442 0.122036 0.0900687 -0.044652 -0.0558 0.0108 
1.12442 -0.706774 -0.000137315 -0.707439 0.707439 -0.000498462 -0.706774 -0.000255581 -1 0.000449442 0.106119 0.106004 -0.0446599 -0.0334 0.0332 
1.12439 0.706638 0.000137302 -0.707575 -0.707575 0.000498449 -0.706638 0.000255667 1 0.000449375 0.122056 0.0900483 -0.044652 -0.0108 0.0558 
1.12435 -0.706774 -0.000137315 -0.707439 0.707439 -0.000498462 -0.706774 -0.000255581 -1 0.000449442 0.0902022 0.121939 -0.0446679 -0.0108 0.0558 
1.12431 0.706638 0.000137302 -0.707575 -0.707575 0.000498449 -0.706638 0.000255667 1 0.000449375 0.10614 0.105983 -0.0446599 -0.0332 0.0334 
1.12422 0.706638 0.000137302 -0.707575 -0.707575 0.000498449 -0.706638 0.000255667 1 0.000449375 0.0902226 0.121918 -0.0446679 -0.0558 0.0108 
1.11854 0.706774 -1.15277e-06 0.707439 -0.707439 -0.000634753 0.706774 0.000448234 -1 -0.000449442 -0.12203 -0.0900936 -0.044533 -0.0558 0.0108 
1.11845 0.706774 -1.15277e-06 0.707439 -0.707439 -0.000634753 0.706774 0.000448234 -1 -0.000449442 -0.106113 -0.106029 -0.0445251 -0.0332 0.0334 
1.11842 -0.706638 1.1659e-06 0.707575 0.707575 0.000634766 0.706638 -0.000448321 1 -0.000449375 -0.12205 -0.0900731 -0.0445331 -0.0108 0.0558 
1.11837 0.706774 -1.15277e-06 0.707439 -0.707439 -0.000634753 0.706774 0.000448234 -1 -0.000449442 -0.0901957 -0.121963 -0.0445172 -0.0108 0.0558 
1.11834 -0.706638 1.1659e-06 0.707575 0.707575 0.000634766 0.706638 -0.000448321 1 -0.000449375 -0.106133 -0.106008 -0.0445251 -0.0334 0.0332 
1.11826 -0.706638 1.1659e-06 0.707575 0.707575 0.000634766 0.706638 -0.000448321 1 -0.000449375 -0.0902161 -0.121943 -0.0445172 -0.0558 0.0108 
1.11495 0.000470287 -6.91888e-05 -1 1 -0.000470281 0.00047032 -0.000470313 -1 6.89676e-05 0.14999 -0.0226057 -0.0445901 -0.0558 0.0108 
1.10438 0.000470287 -6.91888e-05 -1 1 -0.000470281 0.00047032 -0.000470313 -1 6.89676e-05 0.150003 -8.29707e-05 -0.0446029 -0.0334 0.0332 
1.0865 0.000470287 -6.91888e-05 -1 1 -0.000470281 0.00047032 -0.000470313 -1 6.89676e-05 0.150016 0.0224397 -0.0446156 -0.0108 0.0558 
1.07625 -1 -0.000165561 -0.000470281 0.000470374 -0.000566562 -1 0.000165294 -1 0.00056664 0.0225965 0.149975 -0.0446791 -0.0558 0.0108 
1.07625 1 0.000165561 -0.000662934 -0.000663028 0.000566544 -1 -0.000165185 1 0.000566653 0.0226254 0.149975 -0.0446791 -0.0108 0.0558 
1.07616 -1 -0.000165561 -0.000470281 0.000470374 -0.000566562 -1 0.000165294 -1 0.00056664 7.37906e-05 0.149988 -0.0446775 -0.0334 0.0332 
1.07615 1 0.000165561 -0.000662934 -0.000663028 0.000566544 -1 -0.000165185 1 0.000566653 0.000102689 0.149988 -0.0446775 -0.0332 0.0334 
1.07606 -1 -0.000165561 -0.000470281 0.000470374 -0.000566562 -1 0.000165294 -1 0.00056664 -0.0224489 0.15 -0.044676 -0.0108 0.0558 
1.07606 1 0.000165561 -0.000662934 -0.000663028 0.000566544 -1 -0.000165185 1 0.000566653 -0.02242 0.15 -0.044676 -0.0558 0.0108 
1.02799 -0.000662941 6.91702e-05 -1 -1 0.000470281 0.000662973 0.000470326 1 6.88584e-05 0.14999 -0.0226346 -0.0445901 -0.0108 0.0558 
1.00849 -0.000662941 6.91702e-05 -1 -1 0.000470281 0.000662973 0.000470326 1 6.88584e-05 0.150003 -0.000111869 -0.0446029 -0.0332 0.0334 
1.00724 -0.000662941 6.91702e-05 -1 -1 0.000470281 0.000662973 0.000470326 1 6.88584e-05 0.150016 0.0224108 -0.0446156 -0.0558 0.0108 
0.840801 -1 -2.70927e-05 0.000662934 0.000662919 0.000566671 1 -2.74684e-05 1 -0.000566653 0.0224249 -0.150038 -0.0670318 -0.0558 0.0108 
0.840559 1 2.70927e-05 0.000470281 -0.000470265 -0.000566653 1 2.73592e-05 -1 -0.00056664 -0.0225915 -0.150012 -0.0670287 -0.0558 0.0108 
0.840302 -1 -2.70927e-05 0.000662934 0.000662919 0.000566671 1 -2.74684e-05 1 -0.000566653 -9.77509e-05 -0.150025 -0.0670302 -0.0334 0.0332 
0.820198 1 2.70927e-05 0.000470281 -0.000470265 -0.000566653 1 2.73592e-05 -1 -0.00056664 -6.88529e-05 -0.150025 -0.0670302 -0.0332 0.0334 
0.820082 1 2.70927e-05 0.000470281 -0.000470265 -0.000566653 1 2.73592e-05 -1 -0.00056664 0.0224538 -0.150038 -0.0670318 -0.0108 0.0558 
0.820047 -1 -2.70927e-05 0.000662934 0.000662919 0.000566671 1 -2.74684e-05 1 -0.000566653 -0.0226204 -0.150012 -0.0670287 -0.0108 0.0558 
0.775014 -1 -2.70927e-05 0.000662934 0.000662919 0.000566671 1 -2.74684e-05 1 -0.000566653 -8.83949e-05 -0.149949 0.0681059 -0.0354 0.0352 
0.774967 1 2.70927e-05 0.000470281 -0.000470265 -0.000566653 1 2.73592e-05 -1 -0.00056664 0.0224632 -0.149961 0.0681044 -0.0128 0.0578 
0.774371 -1 -2.70927e-05 0.000662934 0.000662919 0.000566671 1 -2.74684e-05 1 -0.000566653 0.0224343 -0.149961 0.0681044 -0.0578 0.0128 
0.774261 -1 -2.70927e-05 0.000662934 0.000662919 0.000566671 1 -2.74684e-05 1 -0.000566653 -0.0226111 -0.149936 0.0681075 -0.0128 0.0578 
0.774227 1 2.70927e-05 0.000470281 -0.000470265 -0.000566653 1 2.73592e-05 -1 -0.00056664 -5.94969e-05 -0.149949 0.0681059 -0.0352 0.0354 
0.773928 1 2.70927e-05 0.000470281 -0.000470265 -0.000566653 1 2.73592e-05 -1 -0.00056664 -0.0225822 -0.149936 0.0681075 -0.0578 0.0128 
0.770994 -1 -0.000165561 -0.000470281 0.000470374 -0.000566562 -1 0.000165294 -1 0.00056664 -0.0224411 0.150064 0.0679375 -0.0128 0.0578 
0.770777 1 0.000165561 -0.000662934 -0.000663028 0.000566544 -1 -0.000165185 1 0.000566653 -0.0224122 0.150064 0.0679375 -0.0578 0.0128 
0.770748 1 0.000165561 -0.000662934 -0.000663028 0.000566544 -1 -0.000165185 1 0.000566653 0.000110485 0.150051 0.0679359 -0.0352 0.0354 
0.770725 -1 -0.000165561 -0.000470281 0.000470374 -0.000566562 -1 0.000165294 -1 0.00056664 8.15873e-05 0.150051 0.0679359 -0.0354 0.0352 
0.770643 1 0.000165561 -0.000662934 -0.000663028 0.000566544 -1 -0.000165185 1 0.000566653 0.0226332 0.150039 0.0679344 -0.0128 0.0578 
0.770525 -1 -0.000165561 -0.000470281 0.000470374 -0.000566562 -1 0.000165294 -1 0.00056664 0.0226043 0.150039 0.0679344 -0.0578 0.0128 
0.76258 0.000470287 -6.91888e-05 -1 1 -0.000470281 0.00047032 -0.000470313 -1 6.89676e-05 0.150024 0.0225035 0.0679978 -0.0128 0.0578 
0.762568 -0.000662941 6.91702e-05 -1 -1 0.000470281 0.000662973 0.000470326 1 6.88584e-05 0.150024 0.0224746 0.0679978 -0.0578 0.0128 
0.762391 -0.000662941 6.91702e-05 -1 -1 0.000470281 0.000662973 0.000470326 1 6.88584e-05 0.150011 -4.80611e-05 0.0680106 -0.0354 0.0352 
0.762391 0.000470287 -6.91888e-05 -1 1 -0.000470281 0.00047032 -0.000470313 -1 6.89676e-05 0.150011 -1.9163e-05 0.0680106 -0.0352 0.0354 
0.762267 0.000470287 -6.91888e-05 -1 1 -0.000470281 0.00047032 -0.000470313 -1 6.89676e-05 0.149998 -0.0225418 0.0680233 -0.0578 0.0128 
0.762239 -0.000662941 6.91702e-05 -1 -1 0.000470281 0.000662973 0.000470326 1 6.88584e-05 0.149998 -0.0225707 0.0680233 -0.0128 0.0578 
0.757555 -0.000470274 -6.92794e-05 1 -1 -0.000662934 -0.00047032 0.000662967 -1 -6.89676e-05 -0.150002 -0.0224008 0.068044 -0.0128 0.0578 
0.757465 0.000662927 6.92979e-05 1 1 0.000662934 -0.000662973 -0.00066298 1 -6.88584e-05 -0.150002 -0.0223719 0.068044 -0.0578 0.0128 
0.757352 -0.000470274 -6.92794e-05 1 -1 -0.000662934 -0.00047032 0.000662967 -1 -6.89676e-05 -0.149989 0.000121933 0.0680313 -0.0354 0.0352 
0.75731 0.000662927 6.92979e-05 1 1 0.000662934 -0.000662973 -0.00066298 1 -6.88584e-05 -0.149989 0.000150831 0.0680312 -0.0352 0.0354 
0.757195 -0.000470274 -6.92794e-05 1 -1 -0.000662934 -0.00047032 0.000662967 -1 -6.89676e-05 -0.149976 0.0226446 0.0680185 -0.0578 0.0128 
0.757131 0.000662927 6.92979e-05 1 1 0.000662934 -0.000662973 -0.00066298 1 -6.88584e-05 -0.149976 0.0226735 0.0680185 -0.0128 0.0578 
0.719319 -0.707575 1.07559e-06 -0.706638 -0.706638 0.000498539 0.707575 0.000353048 1 -0.000351994 0.121942 -0.090168 0.0680636 -0.0578 0.0128 
0.718944 -0.707575 1.07559e-06 -0.706638 -0.706638 0.000498539 0.707575 0.000353048 1 -0.000351994 0.0900718 -0.122002 0.0680838 -0.0128 0.0578 
0.717148 0.707575 0.000137393 0.706638 0.706638 0.000634676 -0.707575 -0.000545701 1 0.000351994 -0.105985 0.106188 0.0679681 -0.0352 0.0354 
0.716968 0.707575 0.000137393 0.706638 0.706638 0.000634676 -0.707575 -0.000545701 1 0.000351994 -0.0900497 0.122105 0.067958 -0.0128 0.0578 
0.679467 -0.707575 1.07559e-06 -0.706638 -0.706638 0.000498539 0.707575 0.000353048 1 -0.000351994 0.106007 -0.106085 0.0680737 -0.0354 0.0352 
0.677018 0.707439 -1.0887e-06 -0.706774 0.706774 -0.000498526 0.707439 -0.000353116 -1 -0.000351907 0.121962 -0.0901476 0.0680636 -0.0128 0.0578 
0.676861 0.707575 0.000137393 0.706638 0.706638 0.000634676 -0.707575 -0.000545701 1 0.000351994 -0.12192 0.0902708 0.0679782 -0.0578 0.0128 
0.676851 0.707439 -1.0887e-06 -0.706774 0.706774 -0.000498526 0.707439 -0.000353116 -1 -0.000351907 0.106027 -0.106064 0.0680737 -0.0352 0.0354 
0.676575 0.707439 -1.0887e-06 -0.706774 0.706774 -0.000498526 0.707439 -0.000353116 -1 -0.000351907 0.0900922 -0.121981 0.0680838 -0.0578 0.0128 
0.675913 -0.707439 -0.000137379 0.706774 -0.706774 -0.000634689 -0.707439 0.000545769 -1 0.000351907 -0.12194 0.0902503 0.0679783 -0.0128 0.0578 
0.675759 -0.707439 -0.000137379 0.706774 -0.706774 -0.000634689 -0.707439 0.000545769 -1 0.000351907 -0.106005 0.106167 0.0679681 -0.0354 0.0352 
0.675577 -0.707439 -0.000137379 0.706774 -0.706774 -0.000634689 -0.707439 0.000545769 -1 0.000351907 -0.0900701 0.122084 0.067958 -0.0578 0.0128 
