1.62009 0.000124707 -1.17019e-05 1 1 6.79473e-05 -0.000124707 -6.79458e-05 1 1.17103e-05 -0.150001 2.00928e-05 0.000329802 -0.026 0.0264 
1.62008 0.000124707 -1.17019e-05 1 1 6.79473e-05 -0.000124707 -6.79458e-05 1 1.17103e-05 -0.150001 0.0168067 0.000330278 -0.0096 0.0428 
1.62008 6.79461e-05 1.17204e-05 1 -1 -6.79473e-05 6.79469e-05 6.7948e-05 -1 1.17158e-05 -0.150001 -0.0167954 0.000329325 -0.0096 0.0428 
1.62006 6.79461e-05 1.17204e-05 1 -1 -6.79473e-05 6.79469e-05 6.7948e-05 -1 1.17158e-05 -0.150001 -8.80527e-06 0.000329801 -0.0264 0.0262 
1.62006 0.000124707 -1.17019e-05 1 1 6.79473e-05 -0.000124707 -6.79458e-05 1 1.17103e-05 -0.150001 -0.0167665 0.000329325 -0.043 0.0096 
1.62006 6.79461e-05 1.17204e-05 1 -1 -6.79473e-05 6.79469e-05 6.7948e-05 -1 1.17158e-05 -0.150001 0.0167778 0.000330277 -0.043 0.0096 
1.62005 -0.707059 -5.63948e-05 0.707155 -0.707155 -3.97384e-05 -0.707059 6.79757e-05 -1 -1.17825e-05 -0.117944 0.0941906 0.00033285 -0.0096 0.0428 
1.62004 -0.707059 -5.63948e-05 0.707155 -0.707155 -3.97384e-05 -0.707059 6.79757e-05 -1 -1.17825e-05 -0.094204 0.11793 0.000333802 -0.043 0.0096 
1.62004 0.707195 5.6408e-05 0.707019 0.707019 3.97253e-05 -0.707195 -6.79779e-05 1 -1.17879e-05 -0.0941835 0.11795 0.000333803 -0.0096 0.0428 
1.62002 0.707195 5.6408e-05 0.707019 0.707019 3.97253e-05 -0.707195 -6.79779e-05 1 -1.17879e-05 -0.117924 0.0942111 0.000332851 -0.043 0.0096 
1.62001 -0.707059 -5.63948e-05 0.707155 -0.707155 -3.97384e-05 -0.707059 6.79757e-05 -1 -1.17825e-05 -0.106074 0.10606 0.000333326 -0.0264 0.0264 
1.62 0.707195 5.6408e-05 0.707019 0.707019 3.97253e-05 -0.707195 -6.79779e-05 1 -1.17879e-05 -0.106054 0.106081 0.000333327 -0.0264 0.0264 
1.61981 -1 -8.46129e-05 6.79473e-05 -6.79497e-05 2.8373e-05 -1 8.4611e-05 -1 -2.83787e-05 -1.11788e-05 0.150001 0.000335815 -0.026 0.0264 
1.6198 -1 -8.46129e-05 6.79473e-05 -6.79497e-05 2.8373e-05 -1 8.4611e-05 -1 -2.83787e-05 -0.0167977 0.150002 0.000335619 -0.0096 0.0428 
1.61979 1 8.46129e-05 -0.000124706 -0.000124704 -2.83916e-05 -1 -8.46165e-05 1 -2.8381e-05 0.0168043 0.150001 0.000336012 -0.0096 0.0428 
1.61978 1 8.46129e-05 -0.000124706 -0.000124704 -2.83916e-05 -1 -8.46165e-05 1 -2.8381e-05 -0.0167689 0.150002 0.000335619 -0.043 0.0096 
1.61978 1 8.46129e-05 -0.000124706 -0.000124704 -2.83916e-05 -1 -8.46165e-05 1 -2.8381e-05 1.77192e-05 0.150001 0.000335816 -0.0264 0.0262 
1.61977 0.707155 7.98318e-05 0.707059 -0.707059 -3.97292e-05 0.707155 8.45443e-05 -1 2.83511e-05 -0.0941902 -0.117942 0.000327108 -0.0096 0.0428 
1.61977 -1 -8.46129e-05 6.79473e-05 -6.79497e-05 2.8373e-05 -1 8.4611e-05 -1 -2.83787e-05 0.0167754 0.150001 0.000336012 -0.043 0.0096 
1.61976 -0.707019 -7.98187e-05 0.707195 0.707195 3.97423e-05 0.707019 -8.45389e-05 1 2.83489e-05 -0.11795 -0.0941812 0.000327504 -0.0096 0.0428 
1.61976 -0.707019 -7.98187e-05 0.707195 0.707195 3.97423e-05 0.707019 -8.45389e-05 1 2.83489e-05 -0.10608 -0.106051 0.000327306 -0.026 0.0264 
1.61975 0.707155 7.98318e-05 0.707059 -0.707059 -3.97292e-05 0.707155 8.45443e-05 -1 2.83511e-05 -0.117929 -0.0942016 0.000327504 -0.043 0.0096 
1.61975 0.707155 7.98318e-05 0.707059 -0.707059 -3.97292e-05 0.707155 8.45443e-05 -1 2.83511e-05 -0.10606 -0.106072 0.000327306 -0.0264 0.0262 
1.61973 -0.707019 -7.98187e-05 0.707195 0.707195 3.97423e-05 0.707019 -8.45389e-05 1 2.83489e-05 -0.0942107 -0.117922 0.000327108 -0.043 0.0096 
1.6194 -1 -0.000108041 0.000124706 0.000124709 -2.83675e-05 1 -0.000108037 1 2.8381e-05 -0.0168063 -0.149998 0.000327105 -0.0096 0.0428 
1.6194 -1 -0.000108041 0.000124706 0.000124709 -2.83675e-05 1 -0.000108037 1 2.8381e-05 -1.96927e-05 -0.149999 0.000327301 -0.026 0.0264 
1.61939 1 0.000108041 -6.79473e-05 6.79442e-05 2.83861e-05 1 0.000108043 -1 2.83787e-05 0.0167958 -0.149999 0.000327498 -0.0096 0.0428 
1.61938 -0.707155 -5.64041e-05 -0.707059 0.707059 9.64882e-05 -0.707155 0.000108109 -1 -2.83511e-05 0.106058 0.106075 0.000335811 -0.026 0.0264 
1.61938 -0.707155 -5.64041e-05 -0.707059 0.707059 9.64882e-05 -0.707155 0.000108109 -1 -2.83511e-05 0.0941883 0.117945 0.000336009 -0.0096 0.0428 
1.61936 1 0.000108041 -6.79473e-05 6.79442e-05 2.83861e-05 1 0.000108043 -1 2.83787e-05 -0.0167774 -0.149998 0.000327105 -0.043 0.0096 
1.61936 -1 -0.000108041 0.000124706 0.000124709 -2.83675e-05 1 -0.000108037 1 2.8381e-05 0.0167669 -0.149999 0.000327498 -0.043 0.0096 
1.61936 0.707019 5.6391e-05 -0.707195 -0.707195 -9.65014e-05 -0.707019 -0.000108115 1 -2.83489e-05 0.117948 0.0941839 0.000335613 -0.0096 0.0428 
1.61936 1 0.000108041 -6.79473e-05 6.79442e-05 2.83861e-05 1 0.000108043 -1 2.83787e-05 9.20539e-06 -0.149999 0.000327302 -0.0264 0.0262 
1.61933 -0.707155 -5.64041e-05 -0.707059 0.707059 9.64882e-05 -0.707155 0.000108109 -1 -2.83511e-05 0.117927 0.0942044 0.000335613 -0.043 0.0096 
1.61932 0.707019 5.6391e-05 -0.707195 -0.707195 -9.65014e-05 -0.707019 -0.000108115 1 -2.83489e-05 0.0942087 0.117924 0.000336009 -0.043 0.0096 
1.61932 0.707019 5.6391e-05 -0.707195 -0.707195 -9.65014e-05 -0.707019 -0.000108115 1 -2.83489e-05 0.106078 0.106054 0.000335811 -0.0264 0.0262 
1.61912 -6.79484e-05 1.17073e-05 -1 1 0.000124706 -6.79469e-05 0.000124706 -1 -1.17158e-05 0.149999 1.15788e-05 0.000333316 -0.026 0.0264 
1.61912 -0.000124705 -1.17259e-05 -1 -1 -0.000124706 0.000124707 -0.000124708 1 -1.17103e-05 0.149999 -0.0168039 0.000332839 -0.0096 0.0428 
1.61912 -6.79484e-05 1.17073e-05 -1 1 0.000124706 -6.79469e-05 0.000124706 -1 -1.17158e-05 0.149999 0.0167981 0.000333792 -0.0096 0.0428 
1.61909 0.707059 7.98226e-05 -0.707155 0.707155 9.64975e-05 0.707059 0.000124678 -1 1.17825e-05 0.117942 -0.0941879 0.000330267 -0.0096 0.0428 
1.61908 -6.79484e-05 1.17073e-05 -1 1 0.000124706 -6.79469e-05 0.000124706 -1 -1.17158e-05 0.149999 -0.016775 0.000332839 -0.043 0.0096 
1.61908 -0.000124705 -1.17259e-05 -1 -1 -0.000124706 0.000124707 -0.000124708 1 -1.17103e-05 0.149999 -1.73192e-05 0.000333315 -0.0264 0.0262 
1.61907 -0.707195 -7.98357e-05 -0.707019 -0.707019 -9.64844e-05 0.707195 -0.000124676 1 1.17879e-05 0.0941816 -0.117947 0.000329314 -0.0096 0.0428 
1.61906 0.707059 7.98226e-05 -0.707155 0.707155 9.64975e-05 0.707059 0.000124678 -1 1.17825e-05 0.106072 -0.106057 0.000329791 -0.0264 0.0264 
1.61905 0.707059 7.98226e-05 -0.707155 0.707155 9.64975e-05 0.707059 0.000124678 -1 1.17825e-05 0.094202 -0.117927 0.000329315 -0.043 0.0096 
1.61905 -0.000124705 -1.17259e-05 -1 -1 -0.000124706 0.000124707 -0.000124708 1 -1.17103e-05 0.149999 0.0167693 0.000333791 -0.043 0.0096 
1.61904 -0.707195 -7.98357e-05 -0.707019 -0.707019 -9.64844e-05 0.707195 -0.000124676 1 1.17879e-05 0.106052 -0.106078 0.00032979 -0.0264 0.0264 
1.61903 -0.707195 -7.98357e-05 -0.707019 -0.707019 -9.64844e-05 0.707195 -0.000124676 1 1.17879e-05 0.117922 -0.0942083 0.000330266 -0.043 0.0096 
1.1676 0.000124707 -1.17019e-05 1 1 6.79473e-05 -0.000124707 -6.79458e-05 1 1.17103e-05 -0.150001 1.96164e-05 0.0171164 -0.026 0.0264 
1.14207 -0.000147941 0.707127 -0.707087 -2.83757e-05 0.707087 0.707127 1 0.000124677 -8.45416e-05 0.117932 -0.094199 0.0339179 -0.0184 0.0852 
1.14174 -0.000147941 0.707127 -0.707087 -2.83757e-05 0.707087 0.707127 1 0.000124677 -8.45416e-05 0.117932 -0.0941986 0.0171313 -0.035 0.0684 
1.14137 -0.000147941 0.707127 -0.707087 -2.83757e-05 0.707087 0.707127 1 0.000124677 -8.45416e-05 0.117932 -0.0941981 0.000344716 -0.052 0.0514 
1.14103 -0.000147941 0.707127 -0.707087 -2.83757e-05 0.707087 0.707127 1 0.000124677 -8.45416e-05 0.117932 -0.0941976 -0.0164419 -0.0686 0.0348 
1.14076 -0.000147941 0.707127 -0.707087 -2.83757e-05 0.707087 0.707127 1 0.000124677 -8.45416e-05 0.117933 -0.0941971 -0.0332284 -0.0854 0.0178 
1.12517 -1 -8.46129e-05 6.79473e-05 -6.79497e-05 2.8373e-05 -1 8.4611e-05 -1 -2.83787e-05 -0.0167979 0.150001 0.0171222 -0.0096 0.0428 
1.12516 1 8.46129e-05 -0.000124706 -0.000124704 -2.83916e-05 -1 -8.46165e-05 1 -2.8381e-05 -0.016769 0.150001 0.0171222 -0.043 0.0096 
1.12498 -1 -8.46129e-05 6.79473e-05 -6.79497e-05 2.8373e-05 -1 8.4611e-05 -1 -2.83787e-05 -1.13754e-05 0.150001 0.0171224 -0.026 0.0264 
1.12495 1 8.46129e-05 -0.000124706 -0.000124704 -2.83916e-05 -1 -8.46165e-05 1 -2.8381e-05 1.75226e-05 0.150001 0.0171224 -0.0264 0.0262 
1.12477 1 8.46129e-05 -0.000124706 -0.000124704 -2.83916e-05 -1 -8.46165e-05 1 -2.8381e-05 0.0168041 0.15 0.0171226 -0.0096 0.0428 
1.12474 -1 -8.46129e-05 6.79473e-05 -6.79497e-05 2.8373e-05 -1 8.4611e-05 -1 -2.83787e-05 0.0167752 0.15 0.0171226 -0.043 0.0096 
1.11241 -0.000124513 0.707087 -0.707127 2.83834e-05 -0.707127 -0.707087 -1 -0.000108112 6.79768e-05 0.0941981 0.117934 0.0338947 -0.085 0.0182 
1.1124 -0.000124513 0.707087 -0.707127 2.83834e-05 -0.707127 -0.707087 -1 -0.000108112 6.79768e-05 0.0941985 0.117935 0.00032156 -0.0516 0.0518 
1.11225 -0.000124513 0.707087 -0.707127 2.83834e-05 -0.707127 -0.707087 -1 -0.000108112 6.79768e-05 0.0941983 0.117934 0.0171081 -0.0684 0.0352 
1.11195 -0.000124513 0.707087 -0.707127 2.83834e-05 -0.707127 -0.707087 -1 -0.000108112 6.79768e-05 0.0941987 0.117935 -0.016465 -0.0346 0.0688 
1.11191 -0.000124513 0.707087 -0.707127 2.83834e-05 -0.707127 -0.707087 -1 -0.000108112 6.79768e-05 0.0941989 0.117936 -0.0332516 -0.018 0.0854 
0.923845 0.707155 7.98318e-05 0.707059 -0.707059 -3.97292e-05 0.707155 8.45443e-05 -1 2.83511e-05 -0.0941904 -0.117943 0.0171137 -0.0096 0.0428 
0.923658 -0.707019 -7.98187e-05 0.707195 0.707195 3.97423e-05 0.707019 -8.45389e-05 1 2.83489e-05 -0.0942109 -0.117922 0.0171137 -0.043 0.0096 
0.923036 0.707155 7.98318e-05 0.707059 -0.707059 -3.97292e-05 0.707155 8.45443e-05 -1 2.83511e-05 -0.11793 -0.0942021 0.0171141 -0.043 0.0096 
0.922834 0.707155 7.98318e-05 0.707059 -0.707059 -3.97292e-05 0.707155 8.45443e-05 -1 2.83511e-05 -0.10606 -0.106072 0.0171139 -0.0264 0.0262 
0.922805 -0.707019 -7.98187e-05 0.707195 0.707195 3.97423e-05 0.707019 -8.45389e-05 1 2.83489e-05 -0.11795 -0.0941816 0.0171141 -0.0096 0.0428 
0.920389 -0.707195 -7.98357e-05 -0.707019 -0.707019 -9.64844e-05 0.707195 -0.000124676 1 1.17879e-05 0.0941814 -0.117948 0.0171159 -0.0096 0.0428 
0.919947 -0.707195 -7.98357e-05 -0.707019 -0.707019 -9.64844e-05 0.707195 -0.000124676 1 1.17879e-05 0.117922 -0.0942088 0.0171168 -0.043 0.0096 
0.919894 -0.707195 -7.98357e-05 -0.707019 -0.707019 -9.64844e-05 0.707195 -0.000124676 1 1.17879e-05 0.106052 -0.106078 0.0171164 -0.0264 0.0264 
0.919604 0.707059 7.98226e-05 -0.707155 0.707155 9.64975e-05 0.707059 0.000124678 -1 1.17825e-05 0.117942 -0.0941883 0.0171168 -0.0096 0.0428 
0.919339 0.707059 7.98226e-05 -0.707155 0.707155 9.64975e-05 0.707059 0.000124678 -1 1.17825e-05 0.106072 -0.106058 0.0171164 -0.0264 0.0264 
0.919154 0.707059 7.98226e-05 -0.707155 0.707155 9.64975e-05 0.707059 0.000124678 -1 1.17825e-05 0.0942018 -0.117927 0.0171159 -0.043 0.0096 
0.889985 -0.707059 -5.63948e-05 0.707155 -0.707155 -3.97384e-05 -0.707059 6.79757e-05 -1 -1.17825e-05 -0.0942038 0.11793 -0.0164528 -0.043 0.0096 
0.889434 -0.707155 -5.64041e-05 -0.707059 0.707059 9.64882e-05 -0.707155 0.000108109 -1 -2.83511e-05 0.0941885 0.117945 -0.0164506 -0.0096 0.0428 
0.88934 -0.707155 -5.64041e-05 -0.707059 0.707059 9.64882e-05 -0.707155 0.000108109 -1 -2.83511e-05 0.117928 0.0942049 -0.016451 -0.043 0.0096 
0.889269 0.707019 5.6391e-05 -0.707195 -0.707195 -9.65014e-05 -0.707019 -0.000108115 1 -2.83489e-05 0.117948 0.0941844 -0.016451 -0.0096 0.0428 
0.88919 -0.707059 -5.63948e-05 0.707155 -0.707155 -3.97384e-05 -0.707059 6.79757e-05 -1 -1.17825e-05 -0.106074 0.106061 -0.0164532 -0.0264 0.0262 
0.888652 0.707019 5.6391e-05 -0.707195 -0.707195 -9.65014e-05 -0.707019 -0.000108115 1 -2.83489e-05 0.106078 0.106055 -0.0164508 -0.0264 0.0262 
0.888417 0.707195 5.6408e-05 0.707019 0.707019 3.97253e-05 -0.707195 -6.79779e-05 1 -1.17879e-05 -0.0941833 0.117951 -0.0164528 -0.0096 0.0428 
0.8884 0.707195 5.6408e-05 0.707019 0.707019 3.97253e-05 -0.707195 -6.79779e-05 1 -1.17879e-05 -0.106054 0.106081 -0.0164532 -0.026 0.0264 
0.888205 0.707195 5.6408e-05 0.707019 0.707019 3.97253e-05 -0.707195 -6.79779e-05 1 -1.17879e-05 -0.117924 0.0942115 -0.0164537 -0.043 0.0096 
0.888169 -0.707059 -5.63948e-05 0.707155 -0.707155 -3.97384e-05 -0.707059 6.79757e-05 -1 -1.17825e-05 -0.117944 0.0941911 -0.0164537 -0.0096 0.0428 
0.888128 0.707019 5.6391e-05 -0.707195 -0.707195 -9.65014e-05 -0.707019 -0.000108115 1 -2.83489e-05 0.0942089 0.117925 -0.0164506 -0.043 0.0096 
0.87252 6.79461e-05 1.17204e-05 1 -1 -6.79473e-05 6.79469e-05 6.7948e-05 -1 1.17158e-05 -0.150002 -0.0167959 0.0171159 -0.0096 0.0428 
0.872432 0.000124707 -1.17019e-05 1 1 6.79473e-05 -0.000124707 -6.79458e-05 1 1.17103e-05 -0.150002 -0.016767 0.0171159 -0.043 0.0096 
0.872291 6.79461e-05 1.17204e-05 1 -1 -6.79473e-05 6.79469e-05 6.7948e-05 -1 1.17158e-05 -0.150001 -9.28167e-06 0.0171164 -0.0264 0.0262 
0.872096 6.79461e-05 1.17204e-05 1 -1 -6.79473e-05 6.79469e-05 6.7948e-05 -1 1.17158e-05 -0.150001 0.0167773 0.0171168 -0.043 0.0096 
0.872062 0.000124707 -1.17019e-05 1 1 6.79473e-05 -0.000124707 -6.79458e-05 1 1.17103e-05 -0.150001 0.0168062 0.0171168 -0.0096 0.0428 
0.868467 -1.171e-05 0.707087 0.707127 0.000107847 -0.707127 0.707087 1 8.45416e-05 -6.79768e-05 -0.117939 -0.0941904 -0.0332312 -0.0854 0.0178 
0.868312 -1.171e-05 0.707087 0.707127 0.000107847 -0.707127 0.707087 1 8.45416e-05 -6.79768e-05 -0.117939 -0.0941909 -0.0164446 -0.0686 0.0348 
0.868247 -1.171e-05 0.707087 0.707127 0.000107847 -0.707127 0.707087 1 8.45416e-05 -6.79768e-05 -0.11794 -0.0941914 0.000341953 -0.052 0.0514 
0.868141 -1.171e-05 0.707087 0.707127 0.000107847 -0.707127 0.707087 1 8.45416e-05 -6.79768e-05 -0.11794 -0.0941919 0.0171285 -0.035 0.0684 
0.868039 -1.171e-05 0.707087 0.707127 0.000107847 -0.707127 0.707087 1 8.45416e-05 -6.79768e-05 -0.11794 -0.0941923 0.0339151 -0.0184 0.0852 
0.859176 1.17177e-05 -0.707127 -0.707087 0.000164606 -0.707087 0.707127 -1 -0.000124677 0.000108112 0.117932 -0.094199 0.033889 -0.085 0.0182 
0.859016 1.17177e-05 -0.707127 -0.707087 0.000164606 -0.707087 0.707127 -1 -0.000124677 0.000108112 0.117932 -0.0941986 0.0171024 -0.0684 0.0352 
0.858859 1.17177e-05 -0.707127 -0.707087 0.000164606 -0.707087 0.707127 -1 -0.000124677 0.000108112 0.117932 -0.0941981 0.000315818 -0.0516 0.0518 
0.858763 1.17177e-05 -0.707127 -0.707087 0.000164606 -0.707087 0.707127 -1 -0.000124677 0.000108112 0.117933 -0.0941971 -0.0332573 -0.018 0.0854 
0.85873 1.17177e-05 -0.707127 -0.707087 0.000164606 -0.707087 0.707127 -1 -0.000124677 0.000108112 0.117932 -0.0941976 -0.0164708 -0.0346 0.0688 
0.834997 -0.000108043 2.83691e-05 -1 -0.000124704 1 2.83826e-05 1 0.000124707 -0.00010804 0.149999 0.0167827 0.0339214 -0.0184 0.0852 
0.834629 -0.000108043 2.83691e-05 -1 -0.000124704 1 2.83826e-05 1 0.000124707 -0.00010804 0.149999 0.0167832 0.0171348 -0.035 0.0684 
0.834249 -0.000108043 2.83691e-05 -1 -0.000124704 1 2.83826e-05 1 0.000124707 -0.00010804 0.149999 0.0167837 0.000348241 -0.052 0.0514 
0.833883 -0.000108043 2.83691e-05 -1 -0.000124704 1 2.83826e-05 1 0.000124707 -0.00010804 0.15 0.0167842 -0.0164383 -0.0686 0.0348 
0.83355 -0.000108043 2.83691e-05 -1 -0.000124704 1 2.83826e-05 1 0.000124707 -0.00010804 0.15 0.0167847 -0.0332249 -0.0854 0.0178 
0.828039 -6.79484e-05 1.17073e-05 -1 1 0.000124706 -6.79469e-05 0.000124706 -1 -1.17158e-05 0.149999 -0.0167745 -0.0164537 -0.043 0.0096 
0.828035 -0.000124705 -1.17259e-05 -1 -1 -0.000124706 0.000124707 -0.000124708 1 -1.17103e-05 0.149999 -0.0168034 -0.0164537 -0.0096 0.0428 
0.827882 -6.79484e-05 1.17073e-05 -1 1 0.000124706 -6.79469e-05 0.000124706 -1 -1.17158e-05 0.149999 1.20552e-05 -0.0164533 -0.026 0.0264 
0.827797 -0.000124705 -1.17259e-05 -1 -1 -0.000124706 0.000124707 -0.000124708 1 -1.17103e-05 0.149999 -1.68428e-05 -0.0164533 -0.0264 0.0262 
0.827692 -6.79484e-05 1.17073e-05 -1 1 0.000124706 -6.79469e-05 0.000124706 -1 -1.17158e-05 0.15 0.0167986 -0.0164528 -0.0096 0.0428 
0.827594 -0.000124705 -1.17259e-05 -1 -1 -0.000124706 0.000124707 -0.000124708 1 -1.17103e-05 0.15 0.0167697 -0.0164528 -0.043 0.0096 
0.648843 0.707195 5.6408e-05 0.707019 0.707019 3.97253e-05 -0.707195 -6.79779e-05 1 -1.17879e-05 -0.106054 0.10608 0.0171199 -0.0264 0.0264 
0.648833 0.707019 5.6391e-05 -0.707195 -0.707195 -9.65014e-05 -0.707019 -0.000108115 1 -2.83489e-05 0.117948 0.0941835 0.0171222 -0.0096 0.0428 
0.648707 0.707195 5.6408e-05 0.707019 0.707019 3.97253e-05 -0.707195 -6.79779e-05 1 -1.17879e-05 -0.117924 0.0942106 0.0171194 -0.043 0.0096 
0.648621 1 0.000108041 -6.79473e-05 6.79442e-05 2.83861e-05 1 0.000108043 -1 2.83787e-05 0.0167956 -0.15 0.0171141 -0.0096 0.0428 
0.648605 0.707019 5.6391e-05 -0.707195 -0.707195 -9.65014e-05 -0.707019 -0.000108115 1 -2.83489e-05 0.106078 0.106054 0.0171224 -0.0264 0.0262 
0.648551 -1 -0.000108041 0.000124706 0.000124709 -2.83675e-05 1 -0.000108037 1 2.8381e-05 0.0167667 -0.15 0.0171141 -0.043 0.0096 
0.648407 -1 -0.000108041 0.000124706 0.000124709 -2.83675e-05 1 -0.000108037 1 2.8381e-05 -1.98893e-05 -0.149999 0.0171139 -0.026 0.0264 
0.648407 1 0.000108041 -6.79473e-05 6.79442e-05 2.83861e-05 1 0.000108043 -1 2.83787e-05 9.00875e-06 -0.149999 0.0171139 -0.0264 0.0262 
0.648332 0.707019 5.6391e-05 -0.707195 -0.707195 -9.65014e-05 -0.707019 -0.000108115 1 -2.83489e-05 0.0942085 0.117924 0.0171226 -0.043 0.0096 
0.648211 -1 -0.000108041 0.000124706 0.000124709 -2.83675e-05 1 -0.000108037 1 2.8381e-05 -0.0168065 -0.149999 0.0171137 -0.0096 0.0428 
0.648196 1 0.000108041 -6.79473e-05 6.79442e-05 2.83861e-05 1 0.000108043 -1 2.83787e-05 -0.0167776 -0.149999 0.0171137 -0.043 0.0096 
0.648168 -0.707155 -5.64041e-05 -0.707059 0.707059 9.64882e-05 -0.707155 0.000108109 -1 -2.83511e-05 0.0941881 0.117944 0.0171226 -0.0096 0.0428 
0.648135 -0.707059 -5.63948e-05 0.707155 -0.707155 -3.97384e-05 -0.707059 6.79757e-05 -1 -1.17825e-05 -0.106074 0.10606 0.0171199 -0.0264 0.0264 
0.648054 -0.707059 -5.63948e-05 0.707155 -0.707155 -3.97384e-05 -0.707059 6.79757e-05 -1 -1.17825e-05 -0.117945 0.0941902 0.0171194 -0.0096 0.0428 
0.64802 0.707195 5.6408e-05 0.707019 0.707019 3.97253e-05 -0.707195 -6.79779e-05 1 -1.17879e-05 -0.0941837 0.11795 0.0171204 -0.0096 0.0428 
0.647931 -0.707059 -5.63948e-05 0.707155 -0.707155 -3.97384e-05 -0.707059 6.79757e-05 -1 -1.17825e-05 -0.0942042 0.117929 0.0171204 -0.043 0.0096 
0.647614 -0.707155 -5.64041e-05 -0.707059 0.707059 9.64882e-05 -0.707155 0.000108109 -1 -2.83511e-05 0.106058 0.106074 0.0171224 -0.026 0.0264 
0.647605 -0.707155 -5.64041e-05 -0.707059 0.707059 9.64882e-05 -0.707155 0.000108109 -1 -2.83511e-05 0.117927 0.0942039 0.0171222 -0.043 0.0096 
0.616646 0.707155 7.98318e-05 0.707059 -0.707059 -3.97292e-05 0.707155 8.45443e-05 -1 2.83511e-05 -0.117929 -0.0942011 -0.0164591 -0.043 0.0096 
0.615815 0.707155 7.98318e-05 0.707059 -0.707059 -3.97292e-05 0.707155 8.45443e-05 -1 2.83511e-05 -0.10606 -0.106071 -0.0164593 -0.0264 0.0262 
0.615706 -0.707019 -7.98187e-05 0.707195 0.707195 3.97423e-05 0.707019 -8.45389e-05 1 2.83489e-05 -0.11795 -0.0941807 -0.0164591 -0.0096 0.0428 
0.615515 -0.707019 -7.98187e-05 0.707195 0.707195 3.97423e-05 0.707019 -8.45389e-05 1 2.83489e-05 -0.10608 -0.106051 -0.0164593 -0.026 0.0264 
0.615507 0.707155 7.98318e-05 0.707059 -0.707059 -3.97292e-05 0.707155 8.45443e-05 -1 2.83511e-05 -0.09419 -0.117942 -0.0164595 -0.0096 0.0428 
0.615359 -0.707019 -7.98187e-05 0.707195 0.707195 3.97423e-05 0.707019 -8.45389e-05 1 2.83489e-05 -0.0942105 -0.117921 -0.0164595 -0.043 0.0096 
0.613394 0.707059 7.98226e-05 -0.707155 0.707155 9.64975e-05 0.707059 0.000124678 -1 1.17825e-05 0.0942022 -0.117927 -0.0164573 -0.043 0.0096 
0.612708 0.707059 7.98226e-05 -0.707155 0.707155 9.64975e-05 0.707059 0.000124678 -1 1.17825e-05 0.106072 -0.106057 -0.0164568 -0.0264 0.0264 
0.612608 -0.707195 -7.98357e-05 -0.707019 -0.707019 -9.64844e-05 0.707195 -0.000124676 1 1.17879e-05 0.0941818 -0.117947 -0.0164573 -0.0096 0.0428 
0.612605 -0.707195 -7.98357e-05 -0.707019 -0.707019 -9.64844e-05 0.707195 -0.000124676 1 1.17879e-05 0.106052 -0.106077 -0.0164568 -0.0264 0.0264 
0.61251 0.707059 7.98226e-05 -0.707155 0.707155 9.64975e-05 0.707059 0.000124678 -1 1.17825e-05 0.117943 -0.0941874 -0.0164563 -0.0096 0.0428 
0.612395 -0.707195 -7.98357e-05 -0.707019 -0.707019 -9.64844e-05 0.707195 -0.000124676 1 1.17879e-05 0.117922 -0.0942078 -0.0164563 -0.043 0.0096 
0.607883 1 8.46129e-05 -0.000124706 -0.000124704 -2.83916e-05 -1 -8.46165e-05 1 -2.8381e-05 0.0168045 0.150001 -0.0164506 -0.0096 0.0428 
0.607879 -1 -8.46129e-05 6.79473e-05 -6.79497e-05 2.8373e-05 -1 8.4611e-05 -1 -2.83787e-05 0.0167756 0.150001 -0.0164506 -0.043 0.0096 
0.607684 1 8.46129e-05 -0.000124706 -0.000124704 -2.83916e-05 -1 -8.46165e-05 1 -2.8381e-05 1.79159e-05 0.150002 -0.0164508 -0.0264 0.0262 
0.607679 -1 -8.46129e-05 6.79473e-05 -6.79497e-05 2.8373e-05 -1 8.4611e-05 -1 -2.83787e-05 -1.09822e-05 0.150002 -0.0164508 -0.0264 0.0264 
0.60752 -1 -8.46129e-05 6.79473e-05 -6.79497e-05 2.8373e-05 -1 8.4611e-05 -1 -2.83787e-05 -0.0167976 0.150002 -0.016451 -0.0096 0.0428 
0.607498 1 8.46129e-05 -0.000124706 -0.000124704 -2.83916e-05 -1 -8.46165e-05 1 -2.8381e-05 -0.0167687 0.150002 -0.016451 -0.043 0.0096 
